Primer_Name	chr	Start_hg19	End_hg19
AK2-P1-F3	1	33503659	33503680
AK2-P1-R1	1	33503112	33503133
AK2-P2-F1	1	33503236	33503254
AK2-P2-R1	1	33502647	33502664
AK2-E1-F1	1	33502757	33502778
AK2-E1-R1	1	33502253	33502271
AK2-E2-F1	1	33490399	33490420
AK2-E2-R1	1	33489861	33489883
AK2-E3-E4-F1	1	33487450	33487468
AK2-E3-E4-R1	1	33486813	33486833
AK2-E5-F1	1	33480463	33480482
AK2-E5-R1	1	33479925	33479946
AK2-E6-F2	1	33479122	33479142
AK2-E6-R2	1	33478524	33478544
ZAP70-P1-F2	2	98328915	98328936
ZAP70-P1-R2	2	98329518	98329535
ZAP70-P2-F1	2	98329360	98329378
ZAP70-P2-R1	2	98330007	98330026
ZAP70-E1-F1	2	98329868	98329888
ZAP70-E2-R2	2	98330569	98330586
ZAP70-E3-F1	2	98340357	98340375
ZAP70-E3-R1	2	98341012	98341032
ZAP70-E4-F2	2	98341428	98341446
ZAP70-E4-R1	2	98341854	98341874
ZAP70-E5-F2	2	98349237	98349255
ZAP70-E7-R1	2	98349887	98349904
ZAP70-E8-F1	2	98349890	98349908
ZAP70-E8-R1	2	98350264	98350282
ZAP70-E9-F1	2	98350881	98350898
ZAP70-E9-R1	2	98351430	98351448
ZAP70-E10-F1	2	98351507	98351524
ZAP70-E10-R1	2	98352087	98352107
ZAP70-E11-F2	2	98353857	98353875
ZAP70-E12-E13-R1	2	98354656	98354677
ZAP70-E14-F2	2	98355743	98355763
ZAP70-E14-R1	2	98356279	98356298
