ourID	chr	start	stop	case/control	copy_num
KET_Control_0187	1	1651355	1668298	2	1
KET_Control_0188	1	12908591	12920067	2	1
KET_Control_0189	1	17224089	17249546	2	1
KET_Control_0190	1	39033290	39039169	2	1
KET_Control_0191	1	62113597	62118281	2	1
KET_Control_0192	1	104104990	104130182	2	3
KET_Control_0193	1	104113158	104211046	2	3
KET_Control_0194	1	108514053	108518378	2	1
KET_Control_0195	1	111380720	111387723	2	1
KET_Control_0196	1	149022110	149033600	2	1
KET_Control_0197	1	149022110	149237009	2	1
KET_Control_0198	1	149156093	149215927	2	1
KET_Control_0199	1	161570803	161619741	2	3
KET_Control_0200	1	222375549	222378188	2	0
KET_Control_0201	1	243074818	243081905	2	3
KET_Control_0202	1	246725264	246733870	2	3
KET_Control_0203	2	4212725	4221651	2	1
KET_Control_0204	2	34697895	34726904	2	0
KET_Control_0205	2	34697895	34723513	2	1
KET_Control_0206	2	41239457	41248468	2	1
KET_Control_0207	2	66188209	66196726	2	1
KET_Control_0208	2	90065400	90275455	2	1
KET_Control_0209	2	92186767	92255880	2	1
KET_Control_0210	2	123477465	123482301	2	1
KET_Control_0211	2	236728114	236732275	2	1
KET_Control_0212	3	84316	130397	2	3
KET_Control_0213	3	85551	130397	2	3

