Our_CNV_ID	Chromosome	Start	End	case_control	Copy_Number
CNV_C_1007	1	534247	826315	1	3
CNV_C_1050	1	854250	900221	1	1
CNV_C_1051	1	900230	901330	1	1
CNV_C_1053	1	902030	903321	1	1
CNV_C_1059	1	982573	1021346	1	1
CNV_C_1060	1	1133930	1147770	1	0
CNV_C_1061	1	1144832	1154957	1	3
CNV_C_1062	1	1150448	1154957	1	1
CNV_C_1064	1	1220425	1246484	1	3
CNV_C_1065	1	1646574	1680219	1	3
CNV_C_1066	1	2220425	2261222	1	3
CNV_C_1067	1	2362700	2418930	1	1
CNV_C_1069	1	2755290	2776230	1	1
CNV_C_1073	1	3009950	3024360	1	1

