Block_ID	chr	start	stop	freq
Block_0001	1	10358633	10361824	1.09
Block_0002	1	12849070	12854241	1.92
Block_0003	1	12854241	12854911	2.32
Block_0004	1	12854911	12855220	2.47
Block_0005	1	12855220	12856216	2.57
Block_0006	1	12856216	12856386	2.62
Block_0007	1	12856386	12859648	2.67
Block_0008	1	12859648	12868474	3.5
Block_0009	1	12868474	12900409	3.16
Block_0010	1	12900409	12902217	3.55
Block_0011	1	16495605	16497496	1.63
Block_0012	1	22629127	22634132	1.04
Block_0013	1	35210763	35211770	1.28
Block_0014	1	68642407	68642541	1.68
Block_0015	1	68642541	68642566	1.58
Block_0016	1	95192496	95213829	1.53
Block_0017	1	104195137	104218275	3.5
Block_0018	1	106254366	106288069	1.04
Block_0019	1	109457425	109461355	1.23
Block_0020	1	111464308	111468459	1.53
Block_0021	1	111468459	111475830	7.21
Block_0022	1	111475830	111477204	7.01
Block_0023	1	150492671	150493617	7.55
Block_0024	1	150493617	150498656	7.7
Block_0025	1	150498656	150514233	7.75
Block_0026	1	150514233	150601289	7.5
Block_0027	1	150601289	150613988	6.61
Block_0028	1	150613988	150665047	1.83
Block_0029	1	159972490	159973756	1.53
Block_0030	1	159973756	159974943	2.02
Block_0031	1	170764110	170766508	11.85
Block_0032	1	170766508	170775050	12.09
Block_0033	1	176332833	176335838	4.59
Block_0034	1	176335838	176336605	3.36
Block_0035	1	180006188	180006460	1.53
Block_0036	1	189107989	189110352	1.53
Block_0037	1	189110352	189116269	1.38
Block_0038	1	190563121	190564164	1.04
Block_0039	1	191306971	191307321	1.33
Block_0040	1	191307321	191310741	1.48
Block_0041	1	191310741	191312207	1.33
Block_0042	1	193371282	193375892	2.22
Block_0043	1	193375892	193384730	2.57
Block_0044	1	193384730	193388667	2.71
Block_0045	1	193388667	193401215	2.76
Block_0046	1	193401215	193402218	2.71
Block_0047	1	193402218	193403046	1.88
Block_0048	1	198357996	198360829	4.39
Block_0049	1	198360829	198373026	4.99
Block_0050	1	198373026	198397535	5.08
Block_0051	1	198397535	198402199	4.84
Block_0052	1	198402199	198429292	4.1
Block_0053	1	198429292	198432054	1.58
Block_0054	1	225327155	225327691	1.14
Block_0055	1	229679949	229695650	1.28
Block_0056	1	233080808	233081831	1.04
Block_0057	1	247377621	247381149	1.83
Block_0058	1	247381149	247383267	2.42
Block_0059	1	247383267	247385824	2.47
Block_0060	1	247385824	247386863	2.52
Block_0061	1	247386863	247387511	2.32
Block_0062	1	247387511	247388308	2.17
Block_0063	2	4697884	4698605	7.45
Block_0064	2	4698605	4706650	7.31
Block_0065	2	4778799	4778895	2.47
Block_0066	2	4778895	4778940	3.5
Block_0067	2	6265214	6266034	2.62
Block_0068	2	6266034	6274254	2.81
Block_0069	2	11166824	11171507	1.73
Block_0070	2	11171507	11172212	5.43
Block_0071	2	11172212	11172274	5.82
Block_0072	2	14672243	14676464	3.46
Block_0073	2	29583727	29585185	1.33
Block_0074	2	35523850	35523926	1.78
Block_0075	2	35523926	35556197	1.83
Block_0076	2	35556197	35556297	1.78
Block_0077	2	38094560	38094672	4.34
Block_0078	2	41170441	41172151	1.04
Block_0079	2	41172151	41180497	1.23
Block_0080	2	41180497	41180725	15.7
Block_0081	2	41180725	41181310	16.93
Block_0082	2	41181310	41183345	17.08
Block_0083	2	41183345	41184122	16.93
Block_0084	2	41184122	41186902	16.83
Block_0085	2	41186902	41187354	16.44
Block_0086	2	41187354	41197395	1.18
Block_0087	2	49477709	49479237	1.09
Block_0088	2	51868452	51869567	9.53
Block_0089	2	53786755	53787772	3.36
Block_0090	2	53787772	53788342	3.21
Block_0091	2	53788342	53788400	2.96
Block_0092	2	57348624	57388062	1.28
Block_0093	2	71284409	71284444	4.99
Block_0094	2	71284444	71287614	4.29
Block_0095	2	73848672	73855872	1.43
Block_0096	2	79273936	79280782	1.23
Block_0097	2	90048013	90062004	2.71
Block_0098	2	90062004	90179294	2.62
Block_0099	2	90179294	90182326	1.92
Block_0100	2	165741736	165746862	1.28
Block_0101	2	183968527	183969817	5.13
Block_0102	2	183969817	183971988	5.63
Block_0103	2	184680141	184683722	1.18
Block_0104	2	184982424	184982575	1.14
Block_0105	2	184982575	185015821	1.38
Block_0106	2	185015821	185016976	1.23
Block_0107	2	195862519	195865189	1.28
Block_0108	2	203178529	203191805	2.22
Block_0109	2	208238529	208238661	13.92
Block_0110	2	208238661	208238948	13.33
Block_0111	2	208238948	208239731	13.03
Block_0112	2	208239731	208240577	10.22
Block_0113	2	213069773	213074128	6.42
Block_0114	2	213741893	213744343	7.9
Block_0115	2	227226252	227228773	1.43
Block_0116	2	238906919	238918592	1.18
Block_0117	2	238918592	238923447	2.17
Block_0118	2	238923447	238934289	2.27
Block_0119	2	238934289	238942223	2.02
Block_0120	2	238942223	238943505	1.83
Block_0121	2	238943505	238949118	1.33
Block_0122	2	238949118	238958551	1.28
Block_0123	2	242909382	242977068	2.96
Block_0124	3	1782524	1783334	1.63
Block_0125	3	1783334	1787581	1.92
Block_0126	3	1919850	1920137	2.32
Block_0127	3	1936522	1940190	1.09
Block_0128	3	1940190	1940922	1.28
Block_0129	3	5597285	5598666	1.78
Block_0130	3	6219093	6219326	1.38
Block_0131	3	6219326	6226212	1.48
Block_0132	3	6226212	6231998	1.43
Block_0133	3	6231998	6236038	1.28
Block_0134	3	8826023	8854367	1.14
Block_0135	3	8854367	8857963	1.09
Block_0136	3	37982461	37986249	3.36
Block_0137	3	50172397	50174197	1.28
Block_0138	3	50174197	50174572	1.04
Block_0139	3	53027983	53028375	8.59
Block_0140	3	53028375	53033796	9.13
Block_0141	3	53033796	53035044	9.28
Block_0142	3	53035044	53038786	9.08
Block_0143	3	54802351	54803521	1.88
Block_0144	3	60293004	60295081	2.32
Block_0145	3	62610625	62610966	6.42
Block_0146	3	62610966	62611243	6.47
Block_0147	3	62611243	62611382	6.22
Block_0148	3	62611382	62612013	5.73
Block_0149	3	62712843	62714309	1.23
Block_0150	3	65191847	65193246	6.37
Block_0151	3	65193246	65196123	7.4
Block_0152	3	65196123	65199099	8.05
Block_0153	3	65199099	65211420	8.19
Block_0154	3	65211420	65211507	8.14
Block_0155	3	65211507	65212596	7.9
Block_0156	3	75428675	75457858	5.08
Block_0157	3	75457858	75506050	4.99
Block_0158	3	75506050	75528142	4.89
Block_0159	3	75528142	75530895	4.84
Block_0160	3	75530895	75568219	4.34
Block_0161	3	89402447	89405754	5.53
Block_0162	3	89405754	89414555	5.77
Block_0163	3	89414555	89417064	5.43
Block_0164	3	89670356	89674140	2.57
Block_0165	3	89674140	89675329	2.81
Block_0166	3	89675329	89675870	2.57
Block_0167	3	98946071	98947848	10.66
Block_0168	3	100354524	100432975	1.04
Block_0169	3	122003757	122006527	1.09
Block_0170	3	148963387	148967173	4.1
Block_0171	3	148967173	148967327	3.8
Block_0172	3	151514582	151514697	1.58
Block_0173	3	151514697	151546033	1.63
Block_0174	3	162130683	162131400	7.16
Block_0175	3	162131400	162133067	7.8
Block_0176	3	162133067	162142467	7.95
Block_0177	3	165048943	165077284	1.58
Block_0178	3	165265181	165267115	1.88
Block_0179	3	165267115	165267680	1.97
Block_0180	3	165267680	165283740	2.02
Block_0181	3	165283740	165289416	1.63
Block_0182	3	173250253	173271676	1.09
Block_0183	3	173271676	173289273	1.58
Block_0184	3	175889222	175891924	1.63
Block_0185	3	175891924	175893776	2.47
Block_0186	3	175893776	175895728	2.52
Block_0187	3	175895728	175896570	2.76
Block_0188	3	175896570	175901572	2.91
Block_0189	3	175901572	175907334	3.01
Block_0190	3	189365416	189365562	1.33
Block_0191	3	189738187	189739048	6.07
Block_0192	3	191065384	191065913	11.01
Block_0193	3	191065913	191066870	23.45
Block_0194	3	191066870	191067236	25.91
Block_0195	3	191067236	191068280	23.69
Block_0196	3	191068280	191069976	19.6
Block_0197	3	193136468	193138697	1.43
Block_0198	4	9337641	9379672	3.21
Block_0199	4	9379672	9384752	3.11
Block_0200	4	9384752	9446294	1.92
Block_0201	4	10330156	10331256	8.79
Block_0202	4	10331256	10331897	11.3
Block_0203	4	10331897	10332985	11.2
Block_0204	4	10332985	10335667	1.68
Block_0205	4	12307415	12314931	1.48
Block_0206	4	12314931	12316776	1.38
Block_0207	4	21984773	22002208	1.04
Block_0208	4	33232061	33232572	1.63
Block_0209	4	34647181	34659506	7.26
Block_0210	4	42559957	42561292	2.27
Block_0211	4	42561292	42562523	2.07
Block_0212	4	55073359	55074184	1.18
Block_0213	4	63992170	64003216	6.02
Block_0214	4	64047283	64068744	1.38
Block_0215	4	64553008	64558122	21.13
Block_0216	4	64558122	64562898	19.99
Block_0217	4	64562898	64563457	19.45
Block_0218	4	81663136	81680520	1.43
Block_0219	4	83498568	83502177	2.42
Block_0220	4	86840927	86840992	4.49
Block_0221	4	86840992	86841772	4.69
Block_0222	4	92142778	92143264	2.12
Block_0223	4	92143264	92145616	2.02
Block_0224	4	101461699	101461753	1.58
Block_0225	4	104071131	104076135	1.83
Block_0226	4	104076135	104097225	1.23
Block_0227	4	116030003	116031534	4.2
Block_0228	4	116031534	116035773	5.58
Block_0229	4	124204354	124205796	5.92
Block_0230	4	144704483	144770717	4
Block_0231	4	144770717	144783452	3.21
Block_0232	4	144783452	144786243	3.46
Block_0233	4	151742610	151745135	2.17
Block_0234	4	152852900	152853670	1.04
Block_0235	4	152853670	152854586	1.23
Block_0236	4	153582537	153585884	1.18
Block_0237	4	153585884	153594204	1.09
Block_0238	4	156537214	156538117	1.33
Block_0239	4	156538117	156539437	1.48
Block_0240	4	157167948	157168011	1.78
Block_0241	4	157168011	157168625	2.22
Block_0242	4	158591404	158592864	1.68
Block_0243	4	160919288	160919900	1.83
Block_0244	4	160919900	160921607	2.67
Block_0245	4	160921607	160930872	2.76
Block_0246	4	160930872	160932904	2.71
Block_0247	4	160932904	160933227	2.22
Block_0248	4	161744972	161745471	1.88
Block_0249	4	161815268	161864422	1.14
Block_0250	4	161864422	161865469	1.04
Block_0251	4	165739835	165740180	1.48
Block_0252	4	168682066	168685117	1.18
Block_0253	4	168685117	168685610	1.28
Block_0254	4	168685610	168686291	1.33
Block_0255	4	168686291	168700878	1.38
Block_0256	4	168700878	168702973	1.33
Block_0257	5	7177740	7193206	1.97
Block_0258	5	8703148	8703615	2.17
Block_0259	5	8703615	8705837	2.91
Block_0260	5	8705837	8747106	3.06
Block_0261	5	9902340	9902403	1.33
Block_0262	5	9902403	9905783	1.38
Block_0263	5	9905783	9924172	1.63
Block_0264	5	15719350	15719769	4.44
Block_0265	5	15719769	15719942	9.67
Block_0266	5	15719942	15720106	10.41
Block_0267	5	15720106	15720478	9.97
Block_0268	5	17638847	17642516	1.14
Block_0269	5	27524940	27526060	5.97
Block_0270	5	32107084	32135599	1.23
Block_0271	5	40964557	40964595	3.06
Block_0272	5	45954627	45960893	6.91
Block_0273	5	45960893	45968862	6.96
Block_0274	5	65268670	65268874	2.22
Block_0275	5	97048466	97049480	2.81
Block_0276	5	97049480	97050100	4.15
Block_0277	5	97050100	97081520	4.24
Block_0278	5	97081520	97096042	3.95
Block_0279	5	104432111	104486805	1.09
Block_0280	5	110906071	110909333	2.96
Block_0281	5	110909333	110910785	2.81
Block_0282	5	113160490	113166137	1.14
Block_0283	5	113166137	113169420	1.04
Block_0284	5	117390364	117390558	15.6
Block_0285	5	117390558	117392106	17.18
Block_0286	5	117392106	117392211	16.68
Block_0287	5	117392211	117392412	15.1
Block_0288	5	117392412	117393156	14.26
Block_0289	5	136003152	136014505	1.04
Block_0290	5	151514956	151516652	3.16
Block_0291	5	155580443	155591316	1.18
Block_0292	5	175593786	175611678	1.04
Block_0293	5	177391049	177395137	1.14
Block_0294	5	177395137	177396200	1.18
Block_0295	6	19046730	19048773	1.78
Block_0296	6	29859517	29886164	1.04
Block_0297	6	31281770	31281876	9.33
Block_0298	6	31281876	31281995	8.09
Block_0299	6	31281995	31282138	7.5
Block_0300	6	31338528	31340611	1.53
Block_0301	6	31360389	31361485	1.88
Block_0302	6	31361485	31364707	1.92
Block_0303	6	31364707	31366595	2.12
Block_0304	6	31366595	31377587	2.22
Block_0305	6	31377587	31378768	2.17
Block_0306	6	31378768	31407828	2.07
Block_0307	6	31407828	31407913	2.42
Block_0308	6	31407913	31449778	2.07
Block_0309	6	31449778	31449994	2.17
Block_0310	6	31449994	31451476	2.07
Block_0311	6	31451476	31457578	1.92
Block_0312	6	32654714	32655218	3.5
Block_0313	6	43244714	43245374	1.48
Block_0314	6	67018727	67019930	10.37
Block_0315	6	67019930	67022706	10.61
Block_0316	6	67022706	67047294	10.76
Block_0317	6	67047294	67048298	10.46
Block_0318	6	69235100	69241954	1.14
Block_0319	6	69241954	69242016	1.23
Block_0320	6	69242016	69242020	1.18
Block_0321	6	69242020	69249384	2.52
Block_0322	6	69688165	69690567	1.78
Block_0323	6	77018159	77020388	1.23
Block_0324	6	77020388	77023797	1.14
Block_0325	6	77023797	77024665	1.09
Block_0326	6	78882209	78888916	3.7
Block_0327	6	78962626	78965525	1.53
Block_0328	6	78965525	78973201	4.64
Block_0329	6	78973201	78974392	27.34
Block_0330	6	78974392	78976848	33.81
Block_0331	6	78976848	78977667	35.59
Block_0332	6	78977667	78979398	37.07
Block_0333	6	78979398	78999898	37.71
Block_0334	6	78999898	79006993	37.86
Block_0335	6	79006993	79012559	37.96
Block_0336	6	79012559	79021280	38.06
Block_0337	6	79021280	79021704	38.01
Block_0338	6	79021704	79024290	37.86
Block_0339	6	79024290	79025865	37.71
Block_0340	6	79025865	79026364	37.61
Block_0341	6	79026364	79026607	37.46
Block_0342	6	79026607	79029367	36.92
Block_0343	6	79029367	79031742	35.64
Block_0344	6	79031742	79041633	1.48
Block_0345	6	79041633	79042157	1.14
Block_0346	6	81284507	81285273	5.18
Block_0347	6	81285273	81287675	5.28
Block_0348	6	86546123	86565943	2.42
Block_0349	6	87408274	87408379	1.68
Block_0350	6	93575149	93575330	9.87
Block_0351	6	93575330	93576969	9.97
Block_0352	6	93576969	93577492	9.92
Block_0353	6	93577492	93578359	9.38
Block_0354	6	99275290	99279449	1.68
Block_0355	6	108611866	108613067	1.28
Block_0356	6	121523736	121524231	1.48
Block_0357	6	121796952	121798968	1.23
Block_0358	6	124437506	124440743	1.73
Block_0359	6	124440743	124442286	1.88
Block_0360	6	124442286	124465929	2.12
Block_0361	6	124465929	124468892	1.88
Block_0362	6	162534332	162535645	1.04
Block_0363	7	9024383	9026969	1.04
Block_0364	7	9026969	9052901	1.09
Block_0365	7	12196701	12203239	1.78
Block_0366	7	13298294	13317441	1.68
Block_0367	7	16631095	16631467	2.86
Block_0368	7	16631467	16631642	4.44
Block_0369	7	20942575	20944134	2.32
Block_0370	7	23333225	23333932	2.52
Block_0371	7	23333932	23337482	2.37
Block_0372	7	35092520	35092858	1.09
Block_0373	7	46307119	46307168	1.83
Block_0374	7	52926813	52927613	2.52
Block_0375	7	52927613	52936814	2.57
Block_0376	7	52936814	52937061	2.47
Block_0377	7	53518991	53519450	1.33
Block_0378	7	54381788	54382374	1.14
Block_0379	7	76329674	76378913	1.04
Block_0380	7	76378913	76393535	2.62
Block_0381	7	76393535	76423564	2.71
Block_0382	7	76423564	76503027	2.91
Block_0383	7	76503027	76607825	3.01
Block_0384	7	76607825	76623244	3.06
Block_0385	7	76623244	76625618	3.16
Block_0386	7	76625618	76703504	3.95
Block_0387	7	76703504	76737374	3.7
Block_0388	7	76737374	76743330	3.16
Block_0389	7	76743330	76750497	1.73
Block_0390	7	89714188	89718158	2.42
Block_0391	7	91551916	91552147	1.09
Block_0392	7	93520679	93521460	4.49
Block_0393	7	93521460	93523842	3.95
Block_0394	7	97592909	97594184	2.37
Block_0395	7	110375699	110377598	2.62
Block_0396	7	116130237	116130966	2.57
Block_0397	7	118328507	118350242	2.57
Block_0398	7	118350242	118354466	1.97
Block_0399	7	141954715	141957143	1.14
Block_0400	7	141957143	141965893	2.86
Block_0401	7	141965893	141967554	10.56
Block_0402	7	141967554	141967661	10.22
Block_0403	7	141967661	141972705	15.15
Block_0404	7	141972705	141976244	16.93
Block_0405	7	141976244	141980589	16.39
Block_0406	7	141980589	141981993	16.14
Block_0407	7	142409269	142413209	1.68
Block_0408	7	142413209	142415107	1.43
Block_0409	7	142415107	142418351	1.14
Block_0410	7	143023908	143028524	1.14
Block_0411	7	143028524	143046099	1.18
Block_0412	7	143046099	143065666	1.14
Block_0413	7	143879122	143880464	1.28
Block_0414	7	143880464	143880857	1.43
Block_0415	7	150213580	150227469	2.81
Block_0416	8	2131186	2133338	1.33
Block_0417	8	2135762	2138234	1.18
Block_0418	8	2138234	2141142	1.14
Block_0419	8	2141142	2142111	1.33
Block_0420	8	2142111	2151954	1.43
Block_0421	8	2151954	2158537	1.48
Block_0422	8	2158537	2162306	1.04
Block_0423	8	2346899	2347851	1.18
Block_0424	8	2347851	2350372	1.28
Block_0425	8	2350372	2355745	1.23
Block_0426	8	2355745	2545224	1.28
Block_0427	8	2545224	2552691	1.43
Block_0428	8	2552691	2582764	1.28
Block_0429	8	2889892	2890763	1.09
Block_0430	8	2890763	2890809	1.28
Block_0431	8	3786823	3787738	10.56
Block_0432	8	3787738	3790267	10.76
Block_0433	8	4000060	4000329	6.81
Block_0434	8	4000329	4002031	6.86
Block_0435	8	4002031	4003216	6.91
Block_0436	8	4003216	4003491	6.86
Block_0437	8	4003491	4003561	6.81
Block_0438	8	4003561	4005021	1.23
Block_0439	8	5595791	5595886	5.13
Block_0440	8	5595886	5601451	8.49
Block_0441	8	5601451	5602637	8.64
Block_0442	8	5602637	5604277	8.79
Block_0443	8	5604277	5604495	8.39
Block_0444	8	6287342	6291485	1.38
Block_0445	8	9055708	9062490	1.78
Block_0446	8	13599454	13599533	3.21
Block_0447	8	13599533	13600024	3.31
Block_0448	8	13600024	13600098	3.41
Block_0449	8	13600098	13608309	4.29
Block_0450	8	13608309	13608763	3.26
Block_0451	8	13615135	13615865	5.97
Block_0452	8	13615865	13619237	6.47
Block_0453	8	13619237	13621252	6.61
Block_0454	8	13621252	13623471	6.76
Block_0455	8	13623471	13631108	6.81
Block_0456	8	13631108	13631458	6.71
Block_0457	8	13631458	13634384	6.61
Block_0458	8	13634384	13635739	6.47
Block_0459	8	13635739	13649801	6.42
Block_0460	8	14789538	14791491	1.09
Block_0461	8	15402936	15403298	3.6
Block_0462	8	15403298	15405959	3.65
Block_0463	8	15405959	15409462	3.75
Block_0464	8	15409462	15411608	3.7
Block_0465	8	16262509	16262681	8.19
Block_0466	8	16262681	16264714	8.24
Block_0467	8	16264714	16268502	8.05
Block_0468	8	17580791	17581454	4.05
Block_0469	8	17581454	17581700	3.8
Block_0470	8	18853940	18856363	1.38
Block_0471	8	18856363	18857090	1.58
Block_0472	8	18857090	18861483	1.23
Block_0473	8	38793682	38798149	1.28
Block_0474	8	40185591	40185677	8.59
Block_0475	8	40185677	40186930	9.23
Block_0476	8	40186930	40188939	9.43
Block_0477	8	47105157	47110489	1.68
Block_0478	8	47110489	47115069	2.62
Block_0479	8	47115069	47162442	2.76
Block_0480	8	47162442	47168154	2.57
Block_0481	8	47168154	47173274	2.52
Block_0482	8	51227228	51227506	2.22
Block_0483	8	55209048	55210218	4.24
Block_0484	8	55210218	55210805	4.34
Block_0485	8	58357495	58357951	1.43
Block_0486	8	58357951	58364300	1.48
Block_0487	8	58364300	58364585	1.43
Block_0488	8	58364585	58367822	1.14
Block_0489	8	60997355	61004320	1.53
Block_0490	8	61004320	61005850	1.18
Block_0491	8	63215615	63222881	1.53
Block_0492	8	72215858	72216116	5.18
Block_0493	8	72216116	72216430	6.56
Block_0494	8	72216430	72217031	6.32
Block_0495	8	77834985	77835363	1.14
Block_0496	8	103054099	103056517	1.38
Block_0497	8	107860140	107860362	2.57
Block_0498	8	107860362	107861997	2.27
Block_0499	8	115641882	115642408	5.48
Block_0500	8	115642408	115642536	5.77
Block_0501	8	120019593	120019652	3.16
Block_0502	8	120019652	120020494	3.9
Block_0503	8	120020494	120022486	4.54
Block_0504	8	123060416	123060846	3.6
Block_0505	8	123060846	123062194	1.04
Block_0506	8	133061073	133061146	1.48
Block_0507	8	137687955	137688230	3.9
Block_0508	8	137688230	137814355	3.95
Block_0509	8	137814355	137817574	4.2
Block_0510	8	137817574	137851655	3.95
Block_0511	8	139773884	139773909	5.13
Block_0512	8	144633556	144643169	1.58
Block_0513	9	515616	517715	2.27
Block_0514	9	517715	521172	2.47
Block_0515	9	521172	523495	2.02
Block_0516	9	523495	526772	1.63
Block_0517	9	591094	592757	2.91
Block_0518	9	592757	593899	3.01
Block_0519	9	593899	594262	2.96
Block_0520	9	594262	607738	2.76
Block_0521	9	607738	608622	2.62
Block_0522	9	1447011	1450428	1.78
Block_0523	9	5306824	5311171	1.53
Block_0524	9	5311171	5318770	1.58
Block_0525	9	5318770	5324922	1.53
Block_0526	9	5324922	5335470	1.38
Block_0527	9	5386384	5389821	2.07
Block_0528	9	5389821	5392243	1.97
Block_0529	9	11936706	11946421	1.63
Block_0530	9	11946421	11952643	1.88
Block_0531	9	11952643	11952796	1.92
Block_0532	9	11967114	11969789	1.14
Block_0533	9	11969789	11996163	1.18
Block_0534	9	11996163	12003252	1.28
Block_0535	9	12003252	12005889	1.48
Block_0536	9	12005889	12007658	1.43
Block_0537	9	12007658	12010374	1.23
Block_0538	9	28049518	28050596	2.52
Block_0539	9	28050596	28050777	3.16
Block_0540	9	96356325	96356942	1.83
Block_0541	9	96356942	96359113	2.17
Block_0542	9	109324687	109324848	1.83
Block_0543	9	131220524	131223999	2.86
Block_0544	9	131223999	131226408	5.03
Block_0545	9	140467724	140469908	1.18
Block_0546	9	140469908	140479950	2.81
Block_0547	9	140479950	140480042	3.11
Block_0548	9	140480042	140492800	4.39
Block_0549	9	140492800	140495638	1.63
Block_0550	10	3792608	3792738	1.14
Block_0551	10	4437754	4437819	1.63
Block_0552	10	4437819	4438977	1.53
Block_0553	10	8093034	8093185	1.04
Block_0554	10	13056587	13057323	1.18
Block_0555	10	13057323	13057482	1.23
Block_0556	10	13057482	13060410	1.14
Block_0557	10	20850624	20851013	7.75
Block_0558	10	20851013	20852015	8.34
Block_0559	10	20852015	20854080	8.24
Block_0560	10	20854080	20854568	7.95
Block_0561	10	20854568	20854597	7.45
Block_0562	10	24590566	24592479	5.08
Block_0563	10	24592479	24592536	5.33
Block_0564	10	47543322	47595277	4.1
Block_0565	10	47595277	47596804	4.2
Block_0566	10	47596804	47597927	4.24
Block_0567	10	47597927	47604290	4.34
Block_0568	10	47604290	47628892	4.39
Block_0569	10	47628892	47633858	4.64
Block_0570	10	47633858	47634190	4.74
Block_0571	10	47634190	47650490	4.79
Block_0572	10	47650490	47652499	4.34
Block_0573	10	47652499	47659140	2.71
Block_0574	10	47659140	47668707	2.76
Block_0575	10	47668707	47685828	2.71
Block_0576	10	47685828	47696414	2.67
Block_0577	10	47696414	47697026	2.62
Block_0578	10	47697026	47703613	2.47
Block_0579	10	58515518	58518278	8.88
Block_0580	10	58518278	58518676	8.54
Block_0581	10	58518676	58519258	8
Block_0582	10	68274044	68274118	1.09
Block_0583	10	70068797	70069233	1.63
Block_0584	10	72515691	72515802	1.73
Block_0585	10	72515802	72516138	2.86
Block_0586	10	82879719	82885975	2.86
Block_0587	10	84713118	84715289	1.33
Block_0588	10	84715289	84716523	1.23
Block_0589	10	88436490	88440407	1.92
Block_0590	10	88440407	88440566	10.76
Block_0591	10	90940687	90945756	1.73
Block_0592	10	90945756	90945808	1.63
Block_0593	10	122769888	122769920	5.18
Block_0594	10	122769920	122770484	6.66
Block_0595	10	122770484	122784271	7.01
Block_0596	10	122784271	122785002	6.71
Block_0597	10	135227498	135236467	2.91
Block_0598	10	135236467	135237746	3.06
Block_0599	10	135237746	135239302	3.11
Block_0600	10	135239302	135267267	3.16
Block_0601	10	135267267	135281731	3.26
Block_0602	10	135281731	135299075	3.31
Block_0603	10	135299075	135310910	3.16
Block_0604	10	135310910	135313122	3.21
Block_0605	10	135313122	135313209	3.9
Block_0606	10	135313209	135318348	4.15
Block_0607	10	135318348	135330163	4.39
Block_0608	10	135330163	135330641	4.1
Block_0609	10	135330641	135331114	3.41
Block_0610	10	135331114	135338557	2.96
Block_0611	10	135338557	135395412	1.38
Block_0612	11	3242223	3243367	1.63
Block_0613	11	21189025	21189086	1.33
Block_0614	11	21189086	21189157	1.38
Block_0615	11	21189157	21190026	1.43
Block_0616	11	21190026	21208251	1.53
Block_0617	11	21208251	21210324	1.48
Block_0618	11	21210324	21212167	1.43
Block_0619	11	21212167	21214340	1.14
Block_0620	11	25616540	25617849	2.37
Block_0621	11	25617849	25624144	2.42
Block_0622	11	25624144	25625889	2.37
Block_0623	11	25703835	25706158	4.74
Block_0624	11	25706158	25706878	4.79
Block_0625	11	25706878	25720291	5.08
Block_0626	11	25720291	25720706	4.34
Block_0627	11	34196484	34199849	1.23
Block_0628	11	50368338	50378965	1.28
Block_0629	11	50378965	50386833	1.23
Block_0630	11	50386833	50440270	1.09
Block_0631	11	55360213	55371021	1.28
Block_0632	11	55371021	55383157	23.99
Block_0633	11	55383157	55396041	24.23
Block_0634	11	55396041	55408664	24.53
Block_0635	11	55408664	55408700	24.78
Block_0636	11	55408700	55418182	16.49
Block_0637	11	55418182	55422586	14.81
Block_0638	11	55422586	55437126	14.61
Block_0639	11	55437126	55442368	13.87
Block_0640	11	55442368	55444868	9.62
Block_0641	11	55444868	55447427	10.17
Block_0642	11	55447427	55460095	2.47
Block_0643	11	55460095	55465912	1.14
Block_0644	11	55465912	55470003	1.04
Block_0645	11	55514904	55514930	2.07
Block_0646	11	78170811	78170841	1.48
Block_0647	11	79977371	79982173	1.58
Block_0648	11	81503992	81504725	7.9
Block_0649	11	81504725	81505463	11.65
Block_0650	11	81505463	81509575	13.77
Block_0651	11	81509575	81511877	13.82
Block_0652	11	81511877	81513714	13.77
Block_0653	11	81513714	81515167	13.62
Block_0654	11	81515167	81517261	11.55
Block_0655	11	97518685	97519987	2.02
Block_0656	11	104924246	104927080	1.58
Block_0657	11	104927080	104930676	2.17
Block_0658	11	113270160	113270374	1.28
Block_0659	11	113270374	113270828	1.28
Block_0660	11	125082124	125083116	1.28
Block_0661	11	125083116	125084742	1.38
Block_0662	11	128383077	128385906	10.51
Block_0663	11	133320075	133320967	2.02
Block_0664	12	2245636	2247179	3.6
Block_0665	12	2247179	2248861	3.5
Block_0666	12	2248861	2250068	3.16
Block_0667	12	7996890	8000912	1.88
Block_0668	12	8000912	8008132	2.02
Block_0669	12	8008132	8008179	2.81
Block_0670	12	8008179	8021932	2.86
Block_0671	12	8021932	8023500	2.91
Block_0672	12	8023500	8024362	2.96
Block_0673	12	8024362	8057923	3.06
Block_0674	12	8057923	8058184	3.01
Block_0675	12	8058184	8068881	2.96
Block_0676	12	8068881	8086083	2.71
Block_0677	12	8086083	8099302	2.57
Block_0678	12	8099302	8123306	2.02
Block_0679	12	10759489	10764045	1.04
Block_0680	12	11520421	11541910	8.79
Block_0681	12	11541910	11543002	8.05
Block_0682	12	11543002	11547532	2.91
Block_0683	12	11547532	11557659	2.67
Block_0684	12	12019939	12021657	1.38
Block_0685	12	12021657	12023941	1.23
Block_0686	12	12532984	12540702	1.88
Block_0687	12	12540702	12541869	2.57
Block_0688	12	15570079	15571345	1.68
Block_0689	12	15571345	15572604	1.88
Block_0690	12	17616468	17617111	1.33
Block_0691	12	27648411	27654546	1.58
Block_0692	12	31266287	31296219	1.83
Block_0693	12	31296219	31359210	1.92
Block_0694	12	31359210	31360934	1.97
Block_0695	12	31360934	31370311	2.02
Block_0696	12	31370311	31370390	2.07
Block_0697	12	31370390	31402690	2.12
Block_0698	12	31402690	31406809	1.97
Block_0699	12	31406809	31406907	1.78
Block_0700	12	32012466	32052422	1.14
Block_0701	12	32052422	32053440	1.73
Block_0702	12	32053440	32053835	1.68
Block_0703	12	33301157	33303342	1.18
Block_0704	12	34447074	34523160	1.33
Block_0705	12	34523160	34523378	1.38
Block_0706	12	34523378	34530223	1.43
Block_0707	12	34530223	34575004	1.18
Block_0708	12	41653979	41662453	1.88
Block_0709	12	53437806	53445282	1.28
Block_0710	12	53445282	53449321	1.33
Block_0711	12	53449321	53453433	1.73
Block_0712	12	53453433	53479134	1.83
Block_0713	12	53479134	53493387	1.88
Block_0714	12	53493387	53497402	2.22
Block_0715	12	53497402	53588180	2.27
Block_0716	12	53588180	53612881	2.12
Block_0717	12	53612881	53614993	2.07
Block_0718	12	53614993	53617829	1.18
Block_0719	12	53617829	53621711	1.04
Block_0720	12	63939740	63947694	1.33
Block_0721	12	63947694	63982989	2.62
Block_0722	12	63982989	64116159	2.67
Block_0723	12	64116159	64119185	2.62
Block_0724	12	64119185	64129108	2.37
Block_0725	12	64129108	64139771	1.33
Block_0726	12	70874726	70875898	3.85
Block_0727	12	70875898	70876029	3.7
Block_0728	12	99817155	99824171	1.23
Block_0729	12	100023684	100027453	1.23
Block_0730	12	100027453	100030436	1.18
Block_0731	12	120010616	120012975	1.18
Block_0732	12	123376600	123379360	1.83
Block_0733	12	123379360	123380190	1.92
Block_0734	12	123380190	123385094	1.97
Block_0735	12	123385094	123391277	2.02
Block_0736	12	123391277	123404635	1.97
Block_0737	12	123404635	123405271	1.88
Block_0738	12	123405271	123414659	1.58
Block_0739	12	123414659	123428995	1.53
Block_0740	12	123428995	123435923	1.18
Block_0741	12	123435923	123437634	1.04
Block_0742	12	127529509	127531399	2.02
Block_0743	12	127531399	127534592	2.07
Block_0744	12	129271586	129272149	1.09
Block_0745	12	129272149	129272399	1.33
Block_0746	12	129427691	129430050	1.04
Block_0747	12	131841132	131844033	1.78
Block_0748	12	131844033	131853571	1.83
Block_0749	12	131853571	131856007	1.68
Block_0750	13	20975269	20977507	1.92
Block_0751	13	32533830	32535996	2.57
Block_0752	13	38070549	38087145	1.18
Block_0753	13	38087145	38118531	1.78
Block_0754	13	38118531	38119096	1.73
Block_0755	13	57874820	57888986	2.32
Block_0756	13	58593657	58599031	1.83
Block_0757	13	69249927	69253102	8.14
Block_0758	13	69253102	69254544	8.39
Block_0759	13	69254544	69261812	8.34
Block_0760	13	70739653	70767093	1.14
Block_0761	13	70767093	70768684	1.09
Block_0762	13	72810336	72812135	5.18
Block_0763	13	78767411	78767501	1.63
Block_0764	13	78806692	78807439	1.09
Block_0765	13	84116860	84116884	1.33
Block_0766	13	98530241	98530796	2.02
Block_0767	13	98530796	98532757	1.63
Block_0768	14	20305431	20404091	1.68
Block_0769	14	20404091	20425051	1.53
Block_0770	14	21361384	21393289	4.79
Block_0771	14	21393289	21399577	4.89
Block_0772	14	21399577	21413602	3.31
Block_0773	14	21413602	21421088	2.57
Block_0774	14	25610677	25612151	1.53
Block_0775	14	35116289	35117768	3.16
Block_0776	14	35117768	35118145	4.54
Block_0777	14	35118145	35119976	4.2
Block_0778	14	46602092	46608074	1.48
Block_0779	14	47674511	47678186	1.23
Block_0780	14	47708397	47715621	2.22
Block_0781	14	63061920	63063997	1.48
Block_0782	14	65762781	65762924	2.12
Block_0783	14	65762924	65764557	2.17
Block_0784	14	66073711	66076530	1.83
Block_0785	14	79161622	79165217	1.04
Block_0786	14	86287347	86288913	2.76
Block_0787	14	86288913	86306973	2.81
Block_0788	14	86306973	86310164	2.22
Block_0789	14	86464198	86488129	1.63
Block_0790	14	90167470	90190564	1.33
Block_0791	14	93407062	93407248	1.83
Block_0792	14	93407248	93411904	1.88
Block_0793	14	93411904	93412743	1.92
Block_0794	14	93412743	93425288	1.97
Block_0795	14	93425288	93425739	1.92
Block_0796	14	93425739	93453676	1.88
Block_0797	14	93453676	93456553	1.38
Block_0798	14	93456553	93457751	1.28
Block_0799	14	105259734	105268228	1.28
Block_0800	15	24381883	24397562	1.14
Block_0801	15	24397562	24397619	1.18
Block_0802	15	24397619	24408366	2.27
Block_0803	15	24408366	24428298	2.32
Block_0804	15	24428298	24433442	2.27
Block_0805	15	24433442	24433948	2.17
Block_0806	15	24468729	24472002	1.14
Block_0807	15	24519782	24532602	1.28
Block_0808	15	24532602	24604902	1.14
Block_0809	15	24604902	24606732	3.7
Block_0810	15	24606732	24611984	4
Block_0811	15	24611984	24649251	4.05
Block_0812	15	24649251	24649604	3.95
Block_0813	15	24649604	24651024	3.75
Block_0814	15	24651024	24667297	1.78
Block_0815	15	25107083	25107222	1.68
Block_0816	15	25107222	25108838	1.78
Block_0817	15	25423076	25427877	1.23
Block_0818	15	29406697	29411326	1.04
Block_0819	15	29411326	29412566	1.09
Block_0820	15	29412566	29412951	1.18
Block_0821	15	29412951	29413095	1.04
Block_0822	15	32444196	32510510	1.38
Block_0823	15	32510510	32511555	4.29
Block_0824	15	32511555	32514341	4.99
Block_0825	15	32514341	32514926	4.89
Block_0826	15	34718594	34742733	13.18
Block_0827	15	34742733	34742839	15.3
Block_0828	15	34742839	34743263	16.88
Block_0829	15	34743263	34754674	16.83
Block_0830	15	34754674	34756425	16.78
Block_0831	15	34756425	34758158	15.35
Block_0832	15	34758158	34762358	15.4
Block_0833	15	34762358	34788566	13.92
Block_0834	15	34788566	34798467	13.67
Block_0835	15	34798467	34800595	13.18
Block_0836	15	48157043	48157107	2.47
Block_0837	15	48157107	48157523	3.21
Block_0838	15	52266878	52270680	1.53
Block_0839	15	87830530	87862809	1.18
Block_0840	15	87862809	87863715	1.09
Block_0841	15	97815710	97831767	1.43
Block_0842	16	1807780	1814391	1.09
Block_0843	16	1814391	1814440	1.18
Block_0844	16	1814440	1839023	1.04
Block_0845	16	3613004	3625448	2.71
Block_0846	16	3625448	3627358	2.62
Block_0847	16	3627358	3633657	1.18
Block_0848	16	3633657	3639139	1.14
Block_0849	16	15980247	15991449	1.04
Block_0850	16	15991449	16001084	1.09
Block_0851	16	16001084	16005568	1.43
Block_0852	16	18266347	18267149	1.83
Block_0853	16	20513722	20522779	2.37
Block_0854	16	20522779	20528606	2.17
Block_0855	16	20528606	20530234	2.12
Block_0856	16	27373964	27374400	1.04
Block_0857	16	34427682	34438740	1.83
Block_0858	16	34438740	34468901	2.22
Block_0859	16	34468901	34516075	4.59
Block_0860	16	34516075	34517789	5.43
Block_0861	16	34517789	34535583	5.58
Block_0862	16	34535583	34597156	5.97
Block_0863	16	34597156	34606182	6.12
Block_0864	16	34606182	34607359	6.07
Block_0865	16	34607359	34674599	5.68
Block_0866	16	34674599	34686820	5.53
Block_0867	16	34686820	34693165	3.16
Block_0868	16	34693165	34760967	2.37
Block_0869	16	34760967	34766518	1.48
Block_0870	16	35213863	35249350	3.85
Block_0871	16	70748408	70748697	1.04
Block_0872	16	79060227	79061243	1.68
Block_0873	16	79061243	79062859	2.22
Block_0874	16	79267429	79274239	1.04
Block_0875	16	85303981	85304125	1.63
Block_0876	16	86420817	86420870	4.49
Block_0877	16	88782676	88793910	1.09
Block_0878	17	6106486	6107113	1.68
Block_0879	17	6107113	6107792	1.97
Block_0880	17	6107792	6119159	2.02
Block_0881	17	6119159	6121042	1.92
Block_0882	17	6121042	6123150	1.83
Block_0883	17	6123150	6131093	1.78
Block_0884	17	11029585	11035599	1.23
Block_0885	17	15043999	15058236	1.43
Block_0886	17	39510218	39522195	1.88
Block_0887	17	44169808	44189067	3.01
Block_0888	17	44189067	44204372	3.21
Block_0889	17	44204374	44247017	3.31
Block_0890	17	44247017	44247164	3.41
Block_0891	17	44247164	44250108	3.36
Block_0892	17	44250108	44293020	3.06
Block_0893	17	44293020	44350090	2.81
Block_0894	17	52097411	52099834	1.38
Block_0895	17	54160465	54160706	5.63
Block_0896	17	54160706	54167853	5.77
Block_0897	17	54167853	54172277	5.53
Block_0898	17	56382477	56383053	1.53
Block_0899	17	56383053	56383744	2.17
Block_0900	17	56383744	56384022	2.57
Block_0901	17	56384022	56388927	2.67
Block_0902	17	56388927	56393714	2.71
Block_0903	17	56393714	56395757	2.96
Block_0904	17	56395757	56396609	3.55
Block_0905	17	56396609	56401584	4.59
Block_0906	17	56401584	56412653	4.54
Block_0907	17	77982846	77997689	1.78
Block_0908	18	293519	294021	1.28
Block_0909	18	294021	295046	1.48
Block_0910	18	295046	302224	1.38
Block_0911	18	902328	907521	3.8
Block_0912	18	907521	907710	5.08
Block_0913	18	1913316	1921643	1.23
Block_0914	18	1921643	1922043	1.28
Block_0915	18	1922043	1974966	1.38
Block_0916	18	1974966	1980668	1.33
Block_0917	18	47896627	47897631	1.88
Block_0918	18	47897631	47911631	1.23
Block_0919	18	65297045	65300789	4.34
Block_0920	18	65300789	65314102	4.54
Block_0921	18	65314102	65317205	4
Block_0922	18	66746208	66747568	4.89
Block_0923	18	66747568	66754107	5.38
Block_0924	18	66754107	66755508	5.33
Block_0925	18	67149873	67151465	1.04
Block_0926	18	67208392	67210711	5.18
Block_0927	18	67210711	67211946	4.94
Block_0928	18	67211946	67216639	4.34
Block_0929	18	76157746	76160008	1.33
Block_0930	18	76662714	76665175	1.73
Block_0931	19	20630360	20631948	9.43
Block_0932	19	20631948	20647550	11.06
Block_0933	19	20647550	20661324	11.11
Block_0934	19	20661324	20663314	10.76
Block_0935	19	20663314	20682055	9.82
Block_0936	19	20682055	20728777	2.67
Block_0937	19	21158134	21160099	1.43
Block_0938	19	21160099	21164399	1.33
Block_0939	19	29392746	29396627	1.14
Block_0940	19	34971846	34987380	1.04
Block_0941	19	35661787	35662787	5.18
Block_0942	19	35662787	35662809	5.48
Block_0943	19	41362173	41363765	1.23
Block_0944	19	43322065	43374601	3.26
Block_0945	19	43374601	43401936	4.44
Block_0946	19	43401936	43438750	4.64
Block_0947	19	43438750	43458563	4.84
Block_0948	19	43458563	43465816	4.89
Block_0949	19	43465816	43468660	4.59
Block_0950	19	43468660	43505984	4.2
Block_0951	19	43505984	43513659	4.24
Block_0952	19	43513659	43539189	5.33
Block_0953	19	43539189	43561722	3.6
Block_0954	19	43561722	43575874	3.6
Block_0955	19	43575874	43593421	3.8
Block_0956	19	43593421	43637183	3.7
Block_0957	19	43637183	43645557	3.55
Block_0958	19	43645557	43647130	3.95
Block_0959	19	43647130	43658826	5.23
Block_0960	19	43658826	43659517	5.13
Block_0961	19	43659517	43663086	5.82
Block_0962	19	43663086	43691318	5.73
Block_0963	19	43691318	43695840	5.43
Block_0964	19	51330932	51332670	1.18
Block_0965	19	54731679	54733056	5.38
Block_0966	19	54733056	54736299	5.48
Block_0967	19	54736299	54743217	5.33
Block_0968	19	55301811	55302983	6.12
Block_0969	19	55302983	55304308	6.71
Block_0970	19	55304308	55315616	6.76
Block_0971	19	55315616	55320779	6.66
Block_0972	19	55320779	55324635	6.56
Block_0973	19	55324635	55326739	6.07
Block_0974	19	55326739	55373362	1.33
Block_0975	19	58873584	58920302	1.04
Block_0976	20	5296651	5297984	1.04
Block_0977	20	7399802	7400195	3.36
Block_0978	20	14781684	14784595	1.73
Block_0979	20	14784595	14785081	1.63
Block_0980	20	14785081	14785326	1.58
Block_0981	20	14785326	14803454	1.38
Block_0982	20	14803454	14807599	1.33
Block_0983	20	14807599	14812532	1.28
Block_0984	20	14812532	14822129	1.18
Block_0985	20	15311431	15316520	2.76
Block_0986	20	15316520	15317978	2.57
Block_0987	20	30479240	30481698	1.73
Block_0988	20	52288724	52289243	2.07
Block_0989	20	52647823	52647830	6.22
Block_0990	20	52647830	52648368	6.47
Block_0991	20	52648368	52652855	6.66
Block_0992	20	52652855	52653487	6.76
Block_0993	20	52653487	52654547	6.42
Block_0994	20	52654547	52654711	6.22
Block_0995	20	52654711	52660741	1.43
Block_0996	20	59113601	59121456	1.38
Block_0997	20	62172281	62176363	1.04
Block_0998	20	62176363	62180117	1.09
Block_0999	20	62180117	62193445	1.23
Block_1000	20	62193445	62196253	1.63
Block_1001	20	62196253	62198348	1.97
Block_1002	21	15696202	15696271	1.18
Block_1003	21	20059626	20060936	1.09
Block_1004	21	20060936	20070690	1.14
Block_1005	21	20070690	20074007	1.09
Block_1006	21	23655900	23661147	3.75
Block_1007	21	23661147	23661835	3.95
Block_1008	21	24423306	24425226	1.73
Block_1009	21	24425226	24430436	1.78
Block_1010	21	24430436	24430721	1.73
Block_1011	21	28196045	28198384	6.81
Block_1012	21	28198384	28200449	6.27
Block_1013	22	18883233	18896061	1.53
Block_1014	22	18896061	18906450	1.58
Block_1015	22	18906450	18920793	1.73
Block_1016	22	18920793	18923194	1.83
Block_1017	22	18923194	18946903	1.92
Block_1018	22	18946903	18968786	1.92
Block_1019	22	18968786	18970864	2.02
Block_1020	22	18970864	18987543	2.12
Block_1021	22	18987543	18995574	2.07
Block_1022	22	18995574	18997567	1.97
Block_1023	22	18997567	18998574	1.88
Block_1024	22	18998574	19013554	1.83
Block_1025	22	23037025	23060060	3.75
Block_1026	22	23060060	23061908	3.8
Block_1027	22	23061908	23065009	3.8
Block_1028	22	23065009	23068310	3.75
Block_1029	22	23068310	23069629	3.65
Block_1030	22	23069629	23070766	3.8
Block_1031	22	23070766	23072922	3.8
Block_1032	22	23072922	23076674	3.46
Block_1033	22	25669854	25675027	3.21
Block_1034	22	25675027	25691486	3.5
Block_1035	22	25691486	25692960	3.55
Block_1036	22	25692960	25702443	4
Block_1037	22	25702443	25705053	4.05
Block_1038	22	25705053	25759223	4.1
Block_1039	22	25759223	25762714	4.15
Block_1040	22	25762714	25810670	4.2
Block_1041	22	25810670	25831512	4.34
Block_1042	22	25831512	25911114	4.1
Block_1043	22	25911114	25912249	4.05
Block_1044	22	25912249	25913351	3.95
Block_1045	22	25913351	25913887	3.85
Block_1046	22	25913887	25914650	3.65
Block_1047	22	25914650	25915257	3.55
Block_1048	22	25915257	25916113	2.76
