Our_CNV_ID	Study_ID	Chromosome	Start	End	Case_or_Control	Copy_Number
KET_Control_0187	C90910	1	1651355	1668298	2	1
KET_Control_0188	C90910	1	12908591	12920067	2	1
KET_Control_0189	C97049	1	17224089	17249546	2	1
KET_Control_0190	C90910	1	39033290	39039169	2	1
KET_Control_0191	C93194	1	62113597	62118281	2	1
KET_Control_0192	C93194_2	1	104104990	104130182	2	3
KET_Control_0193	C93194	1	104113158	104211046	2	3
KET_Control_0194	C97049	1	108514053	108518378	2	1
KET_Control_0195	C97049	1	111380720	111387723	2	1
KET_Control_0196	C97049	1	149022110	149033600	2	1
KET_Control_0197	C93194_2	1	149022110	149237009	2	1
KET_Control_0198	C93194	1	149156093	149215927	2	1
KET_Control_0199	C90910	1	161570803	161619741	2	3
KET_Control_0200	C90910	1	222375549	222378188	2	0
KET_Control_0201	C93194_2	1	243074818	243081905	2	3
KET_Control_0202	C93194	1	246725264	246733870	2	3
KET_Control_0203	C93194	2	4212725	4221651	2	1
KET_Control_0204	C90910	2	34697895	34726904	2	0
KET_Control_0205	C93194	2	34697895	34723513	2	1
KET_Control_0206	C97049	2	41239457	41248468	2	1
KET_Control_0207	C93194	2	66188209	66196726	2	1
KET_Control_0208	C97049	2	90065400	90275455	2	1
KET_Control_0209	C97049	2	92186767	92255880	2	1
KET_Control_0210	C93194	2	123477465	123482301	2	1
KET_Control_0211	C93194	2	236728114	236732275	2	1
KET_Control_0212	C93194_2	3	84316	130397	2	3
KET_Control_0213	C93194	3	85551	130397	2	3
KET_Control_0214	C93194	3	6651929	6654060	2	0
KET_Control_0215	C93194_2	3	6651929	6654060	2	0
KET_Control_0216	C93194	3	11411823	11414339	2	1
KET_Control_0217	C93194	3	13041138	13047602	2	3
KET_Control_0218	C93194_2	3	13041138	13047602	2	3
KET_Control_0219	C93194	3	26432346	26446918	2	1
KET_Control_0220	C93194_2	3	26432346	26439471	2	1
KET_Control_0221	C97049	3	49689227	49701983	2	3
KET_Control_0222	C90910	3	65189366	65210031	2	1
KET_Control_0223	C93194	3	75707193	75721208	2	3
KET_Control_0224	C93194	3	75739314	75773880	2	3
KET_Control_0225	C90910	3	78521896	78532681	2	1
KET_Control_0226	C90910	3	128391789	128412024	2	3
KET_Control_0227	C97049	3	129769827	129791800	2	1
KET_Control_0228	C90910	3	155479723	155505597	2	3
KET_Control_0229	C90910	3	160680773	160685788	2	1
KET_Control_0230	C90910	3	189840680	189840918	2	1
KET_Control_0231	C97049	3	192305106	192312270	2	1
KET_Control_0232	C90910	4	9370814	9486051	2	3
KET_Control_0233	C90910	4	10396298	10400156	2	0
KET_Control_0234	C93194	4	34785955	34818502	2	3
KET_Control_0235	C97049	4	34793352	34818502	2	1
KET_Control_0236	C90910	4	43900285	43902363	2	1
KET_Control_0237	C97049	4	49094981	49109992	2	1
KET_Control_0238	C90910	4	59980062	59986415	2	3
KET_Control_0239	C93194_2	4	60325010	60330880	2	3
KET_Control_0240	C93194	4	60325485	60330880	2	3
KET_Control_0241	C90910	4	64697704	64709753	2	0
KET_Control_0242	C93194	4	64697704	64709753	2	0
KET_Control_0243	C93194_2	4	64697704	64709753	2	0
KET_Control_0244	C97049	4	69374369	69429037	2	0
KET_Control_0245	C93194	4	69381684	69405496	2	1
KET_Control_0246	C93194_2	4	69381684	69447417	2	1
KET_Control_0247	C97049	4	69434902	69447417	2	1
KET_Control_0248	C97049	4	69466245	69500664	2	3
KET_Control_0249	C97049	4	112238706	112241762	2	1
KET_Control_0250	C93194_2	4	132688436	132734080	2	1
KET_Control_0251	C90910	4	138097395	138098601	2	1
KET_Control_0252	C90910	4	152790580	152793891	2	1
KET_Control_0253	C97049	4	152790580	152793891	2	1
KET_Control_0254	C93194	4	190985642	190986338	2	1
KET_Control_0255	C93194	5	12812336	12818097	2	0
KET_Control_0256	C97049	5	17606531	17625744	2	1
KET_Control_0257	C97049	5	70305696	70308251	2	3
KET_Control_0258	C90910	5	140555135	140558618	2	3
KET_Control_0259	C93194	5	151516086	151518615	2	1
KET_Control_0260	C90910	5	155477866	155484536	2	1
KET_Control_0261	C93194	6	16391928	16400090	2	3
KET_Control_0262	C93194_2	6	16391928	16400090	2	3
KET_Control_0263	C97049	6	26344333	26351593	2	1
KET_Control_0264	C97049	6	29920163	29922391	2	1
KET_Control_0265	C93194_2	6	30994114	30995477	2	1
KET_Control_0266	C93194	6	30994532	30994787	2	1
KET_Control_0267	C97049	6	31785453	31795550	2	1
KET_Control_0268	C97049	6	32359431	32359916	2	3
KET_Control_0269	C90910	6	32501715	32520509	2	1
KET_Control_0270	C93194	6	32634313	32636063	2	1
KET_Control_0271	C97049	6	55827939	55846527	2	1
KET_Control_0272	C90910	6	64964003	64981607	2	1
KET_Control_0273	C93194	6	77097876	77099173	2	0
KET_Control_0274	C93194	6	78326093	78334631	2	1
KET_Control_0275	C93194_2	6	78326093	78334631	2	1
KET_Control_0276	C93194	6	78353362	78356828	2	1
KET_Control_0277	C93194_2	6	78354501	78356828	2	1
KET_Control_0278	C93194	6	78972930	79029367	2	1
KET_Control_0279	C93194_2	6	78982768	79035739	2	1
KET_Control_0280	C97049	6	78985226	79012428	2	1
KET_Control_0281	C97049	6	89155213	89165711	2	3
KET_Control_0282	C97049	7	4544182	4545571	2	1
KET_Control_0283	C90910	7	8827959	8866383	2	1
KET_Control_0284	C97049	7	11381123	11381927	2	1
KET_Control_0285	C93194	7	38291851	38305404	2	3
KET_Control_0286	C93194_2	7	38291851	38303877	2	3
KET_Control_0287	C93194	7	53943143	53958505	2	1
KET_Control_0288	C93194_2	7	53943143	53958505	2	1
KET_Control_0289	C97049	7	61743264	61774925	2	1
KET_Control_0290	C90910	7	62149006	62159926	2	1
KET_Control_0291	C97049	7	70322170	70364102	2	3
KET_Control_0292	C90910	7	89520263	89524340	2	1
KET_Control_0293	C90910	7	110879251	111023322	2	1
KET_Control_0294	C97049	7	115937681	115940530	2	1
KET_Control_0295	C93194	7	115937681	115940530	2	1
KET_Control_0296	C97049	7	156387296	156394307	2	1
KET_Control_0297	C97049	7	157116750	157122691	2	1
KET_Control_0298	C97049	8	5595511	5605706	2	0
KET_Control_0299	C90910	8	13616338	13650690	2	1
KET_Control_0300	C90910	8	17580791	17581700	2	1
KET_Control_0301	C90910	8	39232581	39284472	2	3
KET_Control_0302	C93194	8	39232581	39385979	2	0
KET_Control_0303	C93194_2	8	39232581	39385979	2	0
KET_Control_0304	C90910	8	39304153	39385979	2	3
KET_Control_0305	C93194	8	40184872	40189688	2	1
KET_Control_0306	C97049	8	43783265	43791691	2	3
KET_Control_0307	C93194	8	51031221	51035032	2	1
KET_Control_0308	C93194	8	63034992	63039751	2	1
KET_Control_0309	C90910	8	110405399	110406597	2	3
KET_Control_0310	C93194	9	23363526	23374502	2	1
KET_Control_0311	C93194_2	9	23363526	23371855	2	1
KET_Control_0312	C97049	9	44057312	44075531	2	1
KET_Control_0313	C93194_2	9	44057312	44075531	2	1
KET_Control_0314	C93194_2	9	44779633	44834316	2	1
KET_Control_0315	C90910	9	72035136	72048983	2	3
KET_Control_0316	C97049	9	118583016	118585450	2	3
KET_Control_0317	C90910	9	133030684	133033885	2	0
KET_Control_0318	C93194_2	10	3170194	3170919	2	3
KET_Control_0319	C93194_2	10	20850624	20857365	2	1
KET_Control_0320	C93194	10	20854597	20857365	2	1
KET_Control_0321	C97049	10	23701100	23708307	2	1
KET_Control_0322	C93194	10	38774749	38774920	2	1
KET_Control_0323	C90910	10	38792512	38797719	2	1
KET_Control_0324	C97049	10	39102705	39146159	2	1
KET_Control_0325	C97049	10	42386853	42394870	2	1
KET_Control_0326	C93194	10	42626276	42669575	2	3
KET_Control_0327	C97049	10	42632831	42669575	2	1
KET_Control_0328	C97049	10	45212097	45359483	2	3
KET_Control_0329	C90910	10	47541708	47602176	2	3
KET_Control_0330	C90910	10	47618412	47650951	2	3
KET_Control_0331	C97049	10	56448886	56453184	2	3
KET_Control_0332	C97049	10	87953705	87959563	2	1
KET_Control_0333	C97049	10	131844193	131845331	2	3
KET_Control_0334	C97049	10	132636934	132638422	2	0
KET_Control_0335	C90910	10	135008814	135018168	2	3
KET_Control_0336	C90910	11	521302	698807	2	3
KET_Control_0337	C93194	11	7814299	7827879	2	1
KET_Control_0338	C93194_2	11	7814299	7827879	2	1
KET_Control_0339	C93194	11	18949220	18961743	2	3
KET_Control_0340	C93194_2	11	18949220	18956690	2	3
KET_Control_0341	C97049	11	48876899	48882093	2	1
KET_Control_0342	C93194_2	11	55035985	55039889	2	1
KET_Control_0343	C90910	11	55365761	55427700	2	0
KET_Control_0344	C97049	11	55365761	55427700	2	1
KET_Control_0345	C90910	11	55437126	55451045	2	0
KET_Control_0346	C93194	11	85890037	85895915	2	1
KET_Control_0347	C90910	11	90193807	90195742	2	0
KET_Control_0348	C93194	11	90193807	90195742	2	1
KET_Control_0349	C90910	11	93698060	93702069	2	1
KET_Control_0350	C93194_2	11	99520991	99569328	2	1
KET_Control_0351	C93194	11	99522639	99569328	2	1
KET_Control_0352	C93194	11	106398020	106404608	2	1
KET_Control_0353	C93194_2	11	106398020	106404608	2	1
KET_Control_0354	C90910	11	107653650	107671155	2	3
KET_Control_0355	C97049	11	107653650	107671155	2	3
KET_Control_0356	C93194_2	12	11220827	11244117	2	1
KET_Control_0357	C90910	12	21017288	21036786	2	1
KET_Control_0358	C90910	12	30237954	30243127	2	1
KET_Control_0359	C90910	12	31907259	31909635	2	1
KET_Control_0360	C97049	12	31907259	31909635	2	1
KET_Control_0361	C90910	12	33300995	33305855	2	1
KET_Control_0362	C97049	12	33300995	33305415	2	1
KET_Control_0363	C90910	12	43021431	43026485	2	1
KET_Control_0364	C90910	12	59935926	59942122	2	1
KET_Control_0365	C97049	12	64930185	64951909	2	1
KET_Control_0366	C90910	12	80155600	80160230	2	3
KET_Control_0367	C93194	12	80155600	80160230	2	3
KET_Control_0368	C90910	12	129230861	129232297	2	1
KET_Control_0369	C90910	13	25034384	25035741	2	1
KET_Control_0370	C97049	13	38076308	38078539	2	3
KET_Control_0371	C93194	13	38076308	38085537	2	0
KET_Control_0372	C93194_2	13	38076308	38085537	2	0
KET_Control_0373	C93194	13	85859115	85868323	2	3
KET_Control_0374	C93194_2	13	85859115	85869612	2	3
KET_Control_0375	C97049	14	19000480	19005102	2	1
KET_Control_0376	C97049	14	19457976	19464838	2	3
KET_Control_0377	C93194	14	20326628	20372715	2	3
KET_Control_0378	C97049	14	24482607	24489729	2	1
KET_Control_0379	C97049	14	63061592	63065507	2	1
KET_Control_0380	C93194	14	76998334	76998666	2	1
KET_Control_0381	C93194	14	106784840	106816856	2	3
KET_Control_0382	C93194	14	106891524	106917103	2	1
KET_Control_0383	C93194_2	14	106891524	106917103	2	1
KET_Control_0384	C93194	15	20120214	20145193	2	3
KET_Control_0385	C93194	15	20878391	21200107	2	3
KET_Control_0386	C93194_2	15	22299434	22468503	2	1
KET_Control_0387	C93194	15	22512203	22528723	2	1
KET_Control_0388	C97049	15	22750305	22772239	2	3
KET_Control_0389	C97049	15	22790210	23175280	2	3
KET_Control_0390	C97049	15	23226254	23288063	2	3
KET_Control_0391	C90910	15	32509090	32515849	2	1
KET_Control_0392	C97049	15	54896600	54909907	2	3
KET_Control_0393	C97049	15	56789979	56800635	2	1
KET_Control_0394	C93194	15	91594955	91599600	2	1
KET_Control_0395	C93194_2	15	91594955	91599600	2	1
KET_Control_0396	C93194	15	92577796	92578836	2	1
KET_Control_0397	C97049	16	1169416	1179031	2	3
KET_Control_0398	C97049	16	2699291	2699783	2	3
KET_Control_0399	C97049	16	33863814	33882506	2	1
KET_Control_0400	C97049	16	34178980	34191118	2	1
KET_Control_0401	C93194	16	34471298	34493390	2	3
KET_Control_0402	C93194	16	34530789	34608016	2	3
KET_Control_0403	C93194_2	16	34530789	34694754	2	3
KET_Control_0404	C93194	16	34653429	34747045	2	3
KET_Control_0405	C93194	16	35194609	35197323	2	1
KET_Control_0406	C93194_2	16	35194609	35197323	2	1
KET_Control_0407	C93194_2	16	46416238	46455400	2	1
KET_Control_0408	C97049	16	46438391	46455400	2	1
KET_Control_0409	C97049	16	46476963	46492062	2	1
KET_Control_0410	C93194	16	46476963	46492062	2	3
KET_Control_0411	C93194_2	16	46476963	46499859	2	1
KET_Control_0412	C93194	16	55800009	55819443	2	1
KET_Control_0413	C93194	16	55843252	55851296	2	3
KET_Control_0414	C90910	16	85302676	85304486	2	1
KET_Control_0415	C93194	16	87783383	87786570	2	1
KET_Control_0416	C97049	16	88838071	88842158	2	3
KET_Control_0417	C93194	17	7264717	7265681	2	1
KET_Control_0418	C93194	17	10010071	10019286	2	1
KET_Control_0419	C93194_2	17	10010071	10019286	2	1
KET_Control_0420	C93194	17	19499229	19537470	2	1
KET_Control_0421	C93194_2	17	19499229	19537470	2	1
KET_Control_0422	C97049	17	25268096	25278249	2	1
KET_Control_0423	C93194	17	28305017	28308740	2	1
KET_Control_0424	C93194_2	17	28305017	28308740	2	1
KET_Control_0425	C90910	17	35219205	35219294	2	3
KET_Control_0426	C97049	17	44177103	44194895	2	3
KET_Control_0427	C97049	17	55090961	55091861	2	0
KET_Control_0428	C93194	17	63704541	63707126	2	1
KET_Control_0429	C97049	17	70815357	70820207	2	1
KET_Control_0430	C90910	18	7846205	7850717	2	1
KET_Control_0431	C93194	18	12842480	12854429	2	1
KET_Control_0432	C93194_2	18	12842480	12854429	2	1
KET_Control_0433	C97049	18	14549799	14550375	2	1
KET_Control_0434	C93194	18	41976831	41982102	2	1
KET_Control_0435	C93194_2	18	41978081	41982102	2	1
KET_Control_0436	C90910	18	76159264	76160278	2	1
KET_Control_0437	C97049	19	21391118	21403342	2	1
KET_Control_0438	C97049	19	24460170	24462326	2	1
KET_Control_0439	C97049	19	35852103	35861695	2	1
KET_Control_0440	C93194	19	35852103	35861695	2	0
KET_Control_0441	C93194_2	19	35852103	35861695	2	0
KET_Control_0442	C97049	19	41355999	41387154	2	1
KET_Control_0443	C93194_2	19	41355999	41379321	2	3
KET_Control_0444	C93194	19	41356751	41379321	2	3
KET_Control_0445	C93194_2	19	54557379	54560078	2	0
KET_Control_0446	C90910	19	54730202	54736454	2	3
KET_Control_0447	C93194	19	55261939	55343039	2	3
KET_Control_0448	C93194_2	19	55298309	55338833	2	3
KET_Control_0449	C93194_2	20	25875803	25910523	2	1
KET_Control_0450	C97049	20	25878638	25896760	2	1
KET_Control_0451	C97049	20	29584541	29585801	2	1
KET_Control_0452	C93194_2	20	29584541	29585801	2	1
KET_Control_0453	C97049	20	29609100	29637557	2	1
KET_Control_0454	C93194	20	29612690	29638332	2	3
KET_Control_0455	C90910	20	43307419	43308072	2	0
KET_Control_0456	C97049	20	52288724	52290223	2	1
KET_Control_0457	C93194	21	10808163	10858651	2	1
KET_Control_0458	C93194_2	21	11055462	11060553	2	1
KET_Control_0459	C90910	21	19346948	19352683	2	1
KET_Control_0460	C97049	22	16851394	16863045	2	1
KET_Control_0461	C93194_2	22	18844632	18882185	2	1
KET_Control_0462	C97049	22	18881770	18882185	2	1
