Block_ID	chr_liftover_hg19	start_liftover_hg19	stop_liftover_hg19	Aprox Freq_DMK
esv2421338_HM3_CNP_21	1	86402244	86404325	26.7
esv2421343_HM3_CNP_37	1	155661227	155663357	25.4
esv2421352_HM3_CNP_46	1	194938079	194945222	2.2
esv2421353_HM3_CNP_27	1	109367944	109371874	6.8
esv2421356_HM3_CNP_44	1	189772005	189777241	1.2
esv2421359_HM3_CNP_65	1	248739516	248797213	35.5
esv2421360_HM3_CNP_3	1	10543836	10545046	2.6
esv2421363_HM3_CNP_64	1	247905665	247905837	9.1
esv2421364_HM3_CNP_29	1	110224384	110242953	55.1
esv2421406_HM3_CNP_14	1	60043922	60058279	13.6
esv2421419_HM3_CNP_60	1	231535584	231542656	1
esv2421437_HM3_CNP_52	1	210604746	210613616	1.9
esv2421451_HM3_CNP_25	1	107221718	107223482	2.6
esv2421455_HM3_CNP_6	1	17209603	17267496	71.8
esv2421462_HM3_CNP_31	1	112694720	112697390	38.4
esv2421475_HM3_CNP_56	1	221746050	221753645	2.2
esv2421513_HM3_CNP_1	1	8182462	8189854	3.3
esv2421550_HM3_CNP_50	1	196820577	196901753	3.4
esv2421553_HM3_CNP_35	1	152761923	152768700	35.9
esv2421558_HM3_CNP_59	1	230580304	230588125	3.3
esv2421560_HM3_CNP_49	1	196723047	196815791	44.9
esv2421573_HM3_CNP_47	1	195052602	195072917	1.9
esv2421575_HM3_CNP_41	1	179330528	179333315	19.9
esv2421589_HM3_CNP_45	1	191716715	191726158	1.4
esv2421602_HM3_CNP_20	1	84713833	84715442	38.2
esv2421613_HM3_CNP_42	1	189027223	189031363	1.1
esv2421617_HM3_CNP_36	1	155185951	155206167	4
esv2421626_HM3_CNP_33	1	149256691	149444104	1.3
esv2421638_HM3_CNP_62	1	240394015	240394879	58.3
esv2421654_HM3_CNP_63	1	245439207	245442537	1.3
esv2421662_HM3_CNP_4	1	12841928	12971833	7.6
esv2421667_HM3_CNP_15	1	62114006	62118187	17.5
esv2421693_HM3_CNP_40	1	169226902	169241766	34.9
esv2421711_HM3_CNP_39	1	165421874	165424170	1.4
esv2421712_HM3_CNP_23	1	106019205	106022375	71.1
esv2421720_HM3_CNP_66	1	248866903	248876308	20.4
esv2421746_HM3_CNP_16	1	62437872	62450535	1.3
esv2421759_HM3_CNP_2	1	10369546	10377983	5
esv2421770_HM3_CNP_54	1	214853290	214855522	1.1
esv2421780_HM3_CNP_26	1	108733491	108737496	40.2
esv2421783_HM3_CNP_17	1	65429215	65429797	8
esv2421811_HM3_CNP_30	1	111377366	111388226	16.6
esv2421816_HM3_CNP_5	1	13775026	13776828	6.7
esv2421828_HM3_CNP_48	1	195409705	195415745	2
esv2421851_HM3_CNP_61	1	240394015	240394380	61.1
esv2421857_HM3_CNP_9	1	25589146	25662212	35.4
esv2421859_HM3_CNP_8	1	22500228	22509251	2.5
esv2421907_HM3_CNP_53	1	213002088	213010436	4.1
esv2421913_HM3_CNP_22	1	95130678	95154279	1.9
esv2421924_HM3_CNP_28	1	109496854	109500439	5.7
esv2421925_HM3_CNP_43	1	189326337	189543576	1
esv2421929_HM3_CNP_11	1	40966179	40969664	5.7
esv2421933_HM3_CNP_58	1	229816856	229820196	43.4
esv2421948_HM3_CNP_57	1	222376778	222377098	45.7
esv2421957_HM3_CNP_13	1	55301823	55305416	13.3
esv2421966_HM3_CNP_34	1	152555176	152586594	75.5
esv2421998_HM3_CNP_24	1	106164864	106215029	1.9
esv2422020_HM3_CNP_51	1	210081613	210083984	77.7
esv2422081_HM3_CNP_19	1	72766085	72811148	86.7
esv2422083_HM3_CNP_32	1	149036524	149256691	20.7
esv2422091_HM3_CNP_10	1	35102654	35108276	23.5
esv2422096_HM3_CNP_18	1	72756049	72763370	13.9
esv2422105_HM3_CNP_7	1	22320515	22330539	8.8
esv2422112_HM3_CNP_12	1	41021976	41028210	6.9
esv2422163_HM3_CNP_38	1	158516836	158521392	2.9
esv2422168_HM3_CNP_55	1	215493469	215499104	5.8
esv2421328_HM3_CNP_107	2	132093032	132096439	4.4
esv2421335_HM3_CNP_79	2	38955866	38972281	2.6
esv2421344_HM3_CNP_112	2	151031451	151037732	2.7
esv2421358_HM3_CNP_92	2	86953070	86953854	86.1
esv2421374_HM3_CNP_81	2	44467099	44468072	20.3
esv2421377_HM3_CNP_84	2	52754468	52783672	43.8
esv2421388_HM3_CNP_109	2	136098433	136101806	9.2
esv2421393_HM3_CNP_93	2	87373893	87417089	1.6
esv2421431_HM3_CNP_127	2	209235373	209247221	1
esv2421432_HM3_CNP_76	2	35977790	35987947	72.6
esv2421438_HM3_CNP_67	2	4213378	4223167	11.1
esv2421461_HM3_CNP_100	2	115392476	115400999	2.3
esv2421480_HM3_CNP_134	2	242858071	243089456	1.6
esv2421481_HM3_CNP_122	2	195314720	195325844	1
esv2421515_HM3_CNP_119	2	185246772	185264829	6.8
esv2421520_HM3_CNP_71	2	14704949	14710092	2.6
esv2421525_HM3_CNP_75	2	35581507	35615675	2.9
esv2421527_HM3_CNP_125	2	203899800	203902046	10.2
esv2421561_HM3_CNP_68	2	4651792	4653622	3.2
esv2421609_HM3_CNP_104	2	128821872	128826936	1
esv2421610_HM3_CNP_77	2	36336740	36339554	9
esv2421651_HM3_CNP_113	2	164643488	164645126	9.5
esv2421655_HM3_CNP_123	2	195979780	195982450	25.5
esv2421656_HM3_CNP_101	2	118661151	118667186	1.6
esv2421661_HM3_CNP_103	2	125651932	125658362	2.7
esv2421688_HM3_CNP_126	2	208353119	208359336	12
esv2421692_HM3_CNP_70	2	7230988	7234476	4.6
esv2421717_HM3_CNP_86	2	53844902	53846547	4
esv2421745_HM3_CNP_74	2	29641874	29644937	3.9
esv2421747_HM3_CNP_82	2	49533498	49541190	10
esv2421749_HM3_CNP_88	2	59623648	59627152	10.1
esv2421754_HM3_CNP_116	2	184085453	184089822	2.9
esv2421758_HM3_CNP_78	2	38873799	38881106	2.7
esv2421792_HM3_CNP_91	2	81812181	81816294	1.6
esv2421822_HM3_CNP_130	2	226956763	226961688	3.5
esv2421826_HM3_CNP_124	2	203295775	203312201	11.3
esv2421833_HM3_CNP_131	2	227342788	227346068	1.3
esv2421835_HM3_CNP_117	2	184602735	184604185	3.7
esv2421849_HM3_CNP_90	2	79329146	79342556	9.3
esv2421870_HM3_CNP_111	2	146864404	146875916	52.9
esv2421871_HM3_CNP_69	2	6298312	6308120	4
esv2421873_HM3_CNP_102	2	123476418	123482301	28.5
esv2421882_HM3_CNP_99	2	106878601	106885357	53.6
esv2421886_HM3_CNP_87	2	55324288	55335045	1.9
esv2421887_HM3_CNP_115	2	180413362	180422137	14.5
esv2421896_HM3_CNP_132	2	228243310	228258857	4.1
esv2421909_HM3_CNP_85	2	53558837	53559479	23.2
esv2421914_HM3_CNP_105	2	129638478	129645321	23.2
esv2421939_HM3_CNP_80	2	41238443	41248468	17.7
esv2421943_HM3_CNP_110	2	137983647	137984261	2.2
esv2421956_HM3_CNP_120	2	189567956	189579329	6.6
esv2421971_HM3_CNP_96	2	90001943	90278124	12.2
esv2421981_HM3_CNP_118	2	185099685	185136918	2.2
esv2422005_HM3_CNP_133	2	234648708	234658623	3
esv2422008_HM3_CNP_106	2	131641440	131644966	1.2
esv2422015_HM3_CNP_121	2	194581353	194598372	1
esv2422021_HM3_CNP_94	2	87462197	87570730	99.6
esv2422030_HM3_CNP_114	2	180067192	180079144	51.9
esv2422044_HM3_CNP_98	2	98140747	98164749	63.9
esv2422046_HM3_CNP_108	2	133280700	133308636	3
esv2422059_HM3_CNP_128	2	211772150	211778375	1
esv2422060_HM3_CNP_72	2	24601511	24611727	7.3
esv2422070_HM3_CNP_73	2	27765308	27779518	1.1
esv2422072_HM3_CNP_95	2	87839297	87994641	1.9
esv2422119_HM3_CNP_89	2	67760072	67765892	1.5
esv2422123_HM3_CNP_129	2	213186351	213192048	3.8
esv2422150_HM3_CNP_97	2	95730974	95735466	1.5
esv2422151_HM3_CNP_83	2	51926599	51927714	10.3
esv2421348_HM3_CNP_199	3	193136476	193140348	15
esv2421370_HM3_CNP_137	3	1683250	1692530	1.9
esv2421375_HM3_CNP_155	3	63128592	63136580	1.7
esv2421384_HM3_CNP_145	3	25850780	25854897	1.6
esv2421400_HM3_CNP_193	3	186411076	186417771	1.4
esv2421421_HM3_CNP_154	3	62711302	62715860	2.3
esv2421444_HM3_CNP_176	3	134842625	134844843	4.7
esv2421446_HM3_CNP_144	3	16240556	16241384	36.5
esv2421449_HM3_CNP_151	3	53027983	53039489	8.4
esv2421468_HM3_CNP_147	3	30995589	30998749	2.2
esv2421483_HM3_CNP_139	3	1917909	1922965	6.8
esv2421486_HM3_CNP_175	3	131992773	131995684	31.7
esv2421495_HM3_CNP_153	3	62610625	62612195	7.3
esv2421497_HM3_CNP_197	3	191065392	191069984	23.6
esv2421521_HM3_CNP_184	3	160356940	160362285	1.1
esv2421532_HM3_CNP_179	3	140545594	140547006	61.8
esv2421541_HM3_CNP_169	3	109044307	109045055	19.9
esv2421547_HM3_CNP_172	3	125712270	125721862	6.9
esv2421563_HM3_CNP_174	3	131708157	131713017	40.7
esv2421569_HM3_CNP_141	3	4192639	4197015	4.1
esv2421579_HM3_CNP_186	3	162213876	162229584	7.3
esv2421590_HM3_CNP_189	3	165265189	165297115	3.5
esv2421596_HM3_CNP_167	3	98944458	98949421	14
esv2421597_HM3_CNP_164	3	89394592	89419381	2.7
esv2421623_HM3_CNP_138	3	1782524	1787581	1.6
esv2421649_HM3_CNP_192	3	175888059	175915134	1.4
esv2421659_HM3_CNP_160	3	80402423	80405826	1.4
esv2421671_HM3_CNP_187	3	162512657	162625995	72.3
esv2421685_HM3_CNP_178	3	137027958	137043220	1.2
esv2421744_HM3_CNP_146	3	26432346	26439471	7
esv2421756_HM3_CNP_183	3	158808348	158811805	3.5
esv2421761_HM3_CNP_182	3	152347094	152356202	1.7
esv2421763_HM3_CNP_196	3	189738151	189744621	45.9
esv2421766_HM3_CNP_136	3	990754	996718	2.1
esv2421767_HM3_CNP_177	3	135697373	135699877	2.7
esv2421776_HM3_CNP_142	3	6219093	6240260	2.4
esv2421787_HM3_CNP_194	3	189094308	189098727	8.6
esv2421789_HM3_CNP_156	3	65188453	65214685	5.9
esv2421817_HM3_CNP_149	3	41780147	41788492	2.2
esv2421845_HM3_CNP_150	3	46796789	46849589	27.6
esv2421847_HM3_CNP_163	3	87892012	87902253	1.5
esv2421854_HM3_CNP_171	3	119351398	119353938	1.4
esv2421861_HM3_CNP_180	3	144283043	144287715	1
esv2421874_HM3_CNP_188	3	165041548	165081939	1.4
esv2421877_HM3_CNP_190	3	166122430	166140413	1.1
esv2421880_HM3_CNP_157	3	74148159	74151871	2.7
esv2421895_HM3_CNP_161	3	82869089	82873043	15.2
esv2421899_HM3_CNP_170	3	114660592	114668950	23.6
esv2421940_HM3_CNP_191	3	173209692	173215734	2.5
esv2421968_HM3_CNP_140	3	1936522	1942933	3
esv2421977_HM3_CNP_200	3	197307445	197314822	4.7
esv2422022_HM3_CNP_152	3	58798799	58799884	3.8
esv2422025_HM3_CNP_185	3	162130691	162142705	5.2
esv2422031_HM3_CNP_135	3	230022	232800	47.3
esv2422037_HM3_CNP_148	3	37979882	37986928	9.7
esv2422040_HM3_CNP_198	3	192875373	192882903	85.6
esv2422055_HM3_CNP_159	3	76083946	76096571	1
esv2422063_HM3_CNP_166	3	95699081	95713349	2.8
esv2422067_HM3_CNP_195	3	189363678	189366763	34
esv2422077_HM3_CNP_173	3	129763698	129806236	42
esv2422092_HM3_CNP_143	3	6651128	6654060	10.4
esv2422136_HM3_CNP_168	3	100669517	100673226	1.6
esv2422140_HM3_CNP_158	3	75427107	75639894	2.3
esv2422142_HM3_CNP_162	3	84699684	84702136	19.3
esv2422146_HM3_CNP_165	3	89670356	89675870	2.3
esv2422178_HM3_CNP_181	3	148963395	148968121	5.5
esv2421331_HM3_CNP_211	4	34786500	34824725	30.3
esv2421355_HM3_CNP_249	4	144842092	144950193	3.3
esv2421357_HM3_CNP_237	4	104202589	104247934	5.2
esv2421365_HM3_CNP_212	4	42696666	42709421	6
esv2421369_HM3_CNP_244	4	115508166	115510454	29.5
esv2421378_HM3_CNP_255	4	156963692	156974697	2.9
esv2421392_HM3_CNP_226	4	70258331	70275477	2.1
esv2421402_HM3_CNP_267	4	173424947	173428643	93.4
esv2421403_HM3_CNP_221	4	64138341	64151913	10.6
esv2421410_HM3_CNP_203	4	11666464	11669450	5.1
esv2421413_HM3_CNP_205	4	15760071	15768467	2.3
esv2421416_HM3_CNP_265	4	172374884	172379869	78.6
esv2421442_HM3_CNP_236	4	98172414	98185132	4.1
esv2421448_HM3_CNP_274	4	189437086	189437449	9.8
esv2421450_HM3_CNP_258	4	158729437	158731374	3.6
esv2421457_HM3_CNP_218	4	59974071	59988109	3.1
esv2421458_HM3_CNP_239	4	108065738	108076533	2
esv2421484_HM3_CNP_269	4	178594906	178609713	1.6
esv2421501_HM3_CNP_223	4	69374941	69503681	65.4
esv2421528_HM3_CNP_263	4	168818443	168842499	1.6
esv2421530_HM3_CNP_228	4	77167242	77178676	1.6
esv2421536_HM3_CNP_208	4	21368339	21376851	25.6
esv2421565_HM3_CNP_220	4	63669575	63675109	34
esv2421566_HM3_CNP_204	4	12365463	12384916	1.5
esv2421568_HM3_CNP_250	4	151876351	151884313	15.8
esv2421583_HM3_CNP_253	4	155803005	155803078	51.3
esv2421595_HM3_CNP_235	4	97320230	97322403	2.9
esv2421605_HM3_CNP_202	4	10392354	10400668	22.3
esv2421616_HM3_CNP_251	4	152790580	152792791	15.5
esv2421629_HM3_CNP_268	4	178375794	178386510	2
esv2421632_HM3_CNP_245	4	116166104	116176125	10.9
esv2421646_HM3_CNP_213	4	44021885	44026404	8.5
esv2421650_HM3_CNP_207	4	20556711	20565861	2.2
esv2421669_HM3_CNP_227	4	75081112	75082206	4.1
esv2421677_HM3_CNP_275	4	190154184	190154880	40
esv2421696_HM3_CNP_225	4	70127644	70234419	38.5
esv2421705_HM3_CNP_209	4	25556580	25578513	1.4
esv2421707_HM3_CNP_219	4	62000093	62001821	20.5
esv2421750_HM3_CNP_260	4	161861640	161931652	3.6
esv2421762_HM3_CNP_215	4	55219530	55220355	7.4
esv2421771_HM3_CNP_231	4	83636723	83640332	3.5
esv2421773_HM3_CNP_233	4	91287156	91291516	1.2
esv2421784_HM3_CNP_256	4	157305275	157306780	1.5
esv2421791_HM3_CNP_214	4	54070961	54080242	1.4
esv2421795_HM3_CNP_246	4	122282468	122289983	14.1
esv2421797_HM3_CNP_241	4	112297415	112309614	3.2
esv2421810_HM3_CNP_206	4	17544332	17568156	1.1
esv2421812_HM3_CNP_271	4	181135303	181138325	5.6
esv2421831_HM3_CNP_262	4	165868229	165882293	6.8
esv2421872_HM3_CNP_216	4	57541237	57545031	3.2
esv2421879_HM3_CNP_270	4	178886008	178892549	2.1
esv2421892_HM3_CNP_229	4	77783243	77787204	2.4
esv2421911_HM3_CNP_266	4	172987736	172993181	65
esv2421917_HM3_CNP_247	4	134132778	134133048	16.2
esv2421932_HM3_CNP_254	4	156594268	156598081	3.5
esv2421961_HM3_CNP_224	4	69671302	69709072	2.7
esv2421965_HM3_CNP_242	4	112676787	112680595	1.1
esv2421983_HM3_CNP_222	4	65819967	65840580	1
esv2421996_HM3_CNP_273	4	187843726	187848296	3.6
esv2422000_HM3_CNP_264	4	171267944	171273158	5.7
esv2422027_HM3_CNP_238	4	106936604	106946435	16.9
esv2422042_HM3_CNP_272	4	181270423	181273949	1.4
esv2422051_HM3_CNP_252	4	152990286	152992741	9.5
esv2422056_HM3_CNP_257	4	157407006	157409735	1.9
esv2422066_HM3_CNP_261	4	163954461	163957656	1.4
esv2422078_HM3_CNP_217	4	58256375	58261728	4.6
esv2422128_HM3_CNP_232	4	86976094	86979944	12.5
esv2422130_HM3_CNP_240	4	111297631	111300514	2.1
esv2422131_HM3_CNP_201	4	10210653	10235268	82.2
esv2422132_HM3_CNP_230	4	78276555	78281343	1.4
esv2422148_HM3_CNP_243	4	115175323	115182290	66.4
esv2422153_HM3_CNP_259	4	161052529	161072119	1.6
esv2422155_HM3_CNP_210	4	33378232	33386186	4.7
esv2422175_HM3_CNP_248	4	143794072	143800973	1.4
esv2422180_HM3_CNP_234	4	92473314	92478321	1.6
esv2421347_HM3_CNP_310	5	138066768	138073665	1.8
esv2421368_HM3_CNP_282	5	17484038	17517440	2.1
esv2421387_HM3_CNP_297	5	83948422	83955228	21.5
esv2421390_HM3_CNP_304	5	103860373	103860604	91
esv2421397_HM3_CNP_288	5	21450654	21452496	57.4
esv2421420_HM3_CNP_316	5	155476772	155488917	17.1
esv2421423_HM3_CNP_291	5	40335475	40351546	1.9
esv2421476_HM3_CNP_283	5	17509888	17517440	3.6
esv2421489_HM3_CNP_284	5	17601553	17665529	2.7
esv2421516_HM3_CNP_280	5	15719222	15720597	19.2
esv2421518_HM3_CNP_303	5	103854163	103861049	91.4
esv2421538_HM3_CNP_317	5	163175153	163181965	1.1
esv2421584_HM3_CNP_277	5	8702522	8747142	1.6
esv2421591_HM3_CNP_299	5	97048466	97099320	1.5
esv2421594_HM3_CNP_298	5	90614420	90621069	1.9
esv2421606_HM3_CNP_276	5	5678760	5680901	1.3
esv2421608_HM3_CNP_309	5	137807961	137816957	1.2
esv2421619_HM3_CNP_289	5	25821685	25822799	7.9
esv2421652_HM3_CNP_279	5	14312802	14316381	4.6
esv2421690_HM3_CNP_301	5	101167292	101206889	1
esv2421695_HM3_CNP_322	5	180377385	180432024	34.4
esv2421704_HM3_CNP_290	5	28218887	28222685	12.8
esv2421731_HM3_CNP_308	5	117388422	117393156	19.5
esv2421732_HM3_CNP_292	5	41571309	41583279	1
esv2421733_HM3_CNP_312	5	142017860	142021377	2.1
esv2421778_HM3_CNP_319	5	175477120	175650484	1.7
esv2421813_HM3_CNP_293	5	42629998	42630984	52.4
esv2421853_HM3_CNP_318	5	165838874	165849955	3.2
esv2421858_HM3_CNP_311	5	140223836	140237548	15.3
esv2421864_HM3_CNP_315	5	151514956	151518810	15.5
esv2421953_HM3_CNP_286	5	19376073	19376250	56.9
esv2421954_HM3_CNP_302	5	103854163	103860604	91.7
esv2421988_HM3_CNP_306	5	114207702	114210878	2.7
esv2421997_HM3_CNP_314	5	150177097	150218604	49.6
esv2422014_HM3_CNP_294	5	45192192	45212691	1.2
esv2422024_HM3_CNP_281	5	17481599	17517440	2.1
esv2422075_HM3_CNP_305	5	110906071	110911045	5.8
esv2422076_HM3_CNP_278	5	13362776	13382543	2
esv2422087_HM3_CNP_320	5	177227551	177232605	86.4
esv2422097_HM3_CNP_295	5	57326027	57333533	97.8
esv2422101_HM3_CNP_307	5	115594144	115625228	1.9
esv2422102_HM3_CNP_287	5	20437201	20444302	1.9
esv2422145_HM3_CNP_285	5	19279571	19287457	2
esv2422152_HM3_CNP_321	5	177390075	177401395	2.4
esv2422154_HM3_CNP_300	5	98839874	98841255	55.7
esv2422173_HM3_CNP_313	5	146395146	146397258	9.2
esv2422174_HM3_CNP_296	5	57956072	57959132	11.8
esv2421346_HM3_CNP_359	6	77098587	77099368	57.4
esv2421367_HM3_CNP_354	6	67008811	67048629	4.9
esv2421382_HM3_CNP_344	6	35505311	35564811	1.2
esv2421386_HM3_CNP_366	6	103737976	103762061	69.5
esv2421394_HM3_CNP_331	6	30462084	30463208	91.3
esv2421399_HM3_CNP_377	6	162737217	162740440	2
esv2421433_HM3_CNP_364	6	93575149	93578630	14.2
esv2421434_HM3_CNP_323	6	257353	294837	80.7
esv2421456_HM3_CNP_367	6	108611866	108614352	1.8
esv2421463_HM3_CNP_340	6	32561819	32597216	27.1
esv2421474_HM3_CNP_343	6	33938403	33942705	22.2
esv2421506_HM3_CNP_379	6	168975876	168977710	1.5
esv2421523_HM3_CNP_378	6	165727817	165731928	78.5
esv2421549_HM3_CNP_325	6	19042181	19048792	19.8
esv2421556_HM3_CNP_330	6	29916855	29937833	1.4
esv2421564_HM3_CNP_353	6	66399482	66403852	18.5
esv2421578_HM3_CNP_347	6	44513341	44514951	1.9
esv2421628_HM3_CNP_370	6	126183692	126186776	41.4
esv2421645_HM3_CNP_324	6	298700	379015	95.4
esv2421657_HM3_CNP_339	6	32497116	32571961	91.3
esv2421676_HM3_CNP_334	6	31280101	31341340	63.3
esv2421683_HM3_CNP_375	6	160628905	160638076	2.9
esv2421691_HM3_CNP_355	6	69687698	69691368	2.4
esv2421710_HM3_CNP_342	6	32609298	32632000	80.8
esv2421726_HM3_CNP_361	6	78880271	78898515	9.5
esv2421765_HM3_CNP_356	6	74592225	74601410	46
esv2421772_HM3_CNP_376	6	162496291	162506568	1.2
esv2421782_HM3_CNP_329	6	29851443	29899493	27.4
esv2421801_HM3_CNP_348	6	44523033	44524483	2.5
esv2421814_HM3_CNP_333	6	31280101	31297711	27.9
esv2421830_HM3_CNP_336	6	31785228	31797422	1.3
esv2421836_HM3_CNP_349	6	53581398	53591120	1.5
esv2421878_HM3_CNP_345	6	38391806	38402621	2
esv2421881_HM3_CNP_350	6	53931084	53931870	56.3
esv2421898_HM3_CNP_372	6	137388568	137418356	2.4
esv2421903_HM3_CNP_328	6	29851443	29899147	27.4
esv2421906_HM3_CNP_360	6	77439868	77452804	22.2
esv2421923_HM3_CNP_373	6	139603744	139607136	31.3
esv2421927_HM3_CNP_368	6	115706704	115717342	3.7
esv2421937_HM3_CNP_363	6	87406640	87412973	2.8
esv2421945_HM3_CNP_335	6	31337872	31341340	6.3
esv2421951_HM3_CNP_380	6	169506440	169520560	1.3
esv2421999_HM3_CNP_341	6	32592985	32614037	52.8
esv2422007_HM3_CNP_374	6	147438506	147444555	2.9
esv2422034_HM3_CNP_332	6	31219803	31229678	5.2
esv2422038_HM3_CNP_365	6	94963667	94968856	1.6
esv2422045_HM3_CNP_337	6	31871485	31878495	1.4
esv2422049_HM3_CNP_351	6	55826137	55846527	1.6
esv2422086_HM3_CNP_352	6	65347544	65349398	79.8
esv2422107_HM3_CNP_358	6	77016900	77027781	5.9
esv2422109_HM3_CNP_346	6	39068912	39072681	3.2
esv2422111_HM3_CNP_338	6	32454275	32571961	97
esv2422115_HM3_CNP_371	6	132709357	132713043	3.5
esv2422122_HM3_CNP_326	6	29837188	29849267	56.2
esv2422126_HM3_CNP_327	6	29851443	29865718	26.9
esv2422137_HM3_CNP_369	6	124435941	124470365	1.9
esv2422169_HM3_CNP_357	6	74708875	74717021	15.5
esv2422170_HM3_CNP_362	6	78969065	79035185	24.6
esv2421395_HM3_CNP_418	7	109430852	109455705	43.3
esv2421439_HM3_CNP_387	7	11920805	11921825	1.6
esv2421467_HM3_CNP_426	7	118135222	118161372	1.6
esv2421473_HM3_CNP_420	7	110428932	110432494	2.5
esv2421482_HM3_CNP_385	7	5940039	5950934	1.3
esv2421485_HM3_CNP_430	7	126046024	126046615	80.7
esv2421488_HM3_CNP_419	7	110182414	110184985	40.2
esv2421500_HM3_CNP_440	7	156390036	156394179	9.7
esv2421504_HM3_CNP_398	7	49174144	49177832	3.7
esv2421508_HM3_CNP_438	7	146133867	146139908	2.1
esv2421524_HM3_CNP_431	7	126049273	126049601	78.6
esv2421537_HM3_CNP_407	7	70420989	70426141	69.6
esv2421545_HM3_CNP_427	7	119155778	119162447	8.7
esv2421546_HM3_CNP_401	7	53214011	53218912	3.5
esv2421555_HM3_CNP_393	7	24017978	24040817	1
esv2421570_HM3_CNP_425	7	115935011	115941666	6.7
esv2421621_HM3_CNP_390	7	13105009	13130069	1.7
esv2421625_HM3_CNP_413	7	87670739	87672392	1.1
esv2421635_HM3_CNP_400	7	52733291	52743776	4.1
esv2421636_HM3_CNP_394	7	26140313	26145413	35.5
esv2421641_HM3_CNP_395	7	34899235	34911343	3
esv2421706_HM3_CNP_439	7	154884999	154889545	2.4
esv2421709_HM3_CNP_432	7	133785177	133799197	44.4
esv2421713_HM3_CNP_386	7	6125381	6138111	6.6
esv2421716_HM3_CNP_403	7	54186474	54191220	2
esv2421721_HM3_CNP_396	7	47285131	47288924	4
esv2421728_HM3_CNP_412	7	86234184	86245054	2.8
esv2421737_HM3_CNP_424	7	115583453	115586434	2.6
esv2421739_HM3_CNP_409	7	76179714	76565750	5.4
esv2421751_HM3_CNP_410	7	78805299	78852693	1.4
esv2421774_HM3_CNP_397	7	48581852	48592025	1.9
esv2421800_HM3_CNP_382	7	152640	158626	16.8
esv2421823_HM3_CNP_408	7	75354183	75364238	1.8
esv2421827_HM3_CNP_389	7	13022109	13028285	1.6
esv2421832_HM3_CNP_423	7	112513666	112520496	2.4
esv2421875_HM3_CNP_405	7	62689348	62779097	5.4
esv2421888_HM3_CNP_402	7	53455603	53466175	1.6
esv2421918_HM3_CNP_381	7	43259	68920	10.4
esv2421934_HM3_CNP_434	7	141765705	141793419	19.9
esv2421958_HM3_CNP_414	7	91031505	91040727	7.9
esv2422001_HM3_CNP_429	7	126045482	126046615	49.1
esv2422006_HM3_CNP_384	7	4416399	4419287	3.4
esv2422035_HM3_CNP_406	7	66621964	66676630	47.7
esv2422050_HM3_CNP_399	7	51595406	51598709	74.6
esv2422057_HM3_CNP_417	7	104465641	104476535	2
esv2422062_HM3_CNP_428	7	125472699	125476043	2.1
esv2422065_HM3_CNP_411	7	81441811	81442548	65.8
esv2422073_HM3_CNP_388	7	12003416	12010002	2.4
esv2422088_HM3_CNP_421	7	111037425	111042355	1.4
esv2422098_HM3_CNP_422	7	111048575	111056882	2.5
esv2422103_HM3_CNP_433	7	140192859	140201453	4.8
esv2422110_HM3_CNP_383	7	3135770	3137677	9.2
esv2422118_HM3_CNP_404	7	56762113	56768814	38.2
esv2422143_HM3_CNP_415	7	93327394	93330557	26.4
esv2422166_HM3_CNP_392	7	23139940	23144197	3.9
esv2422171_HM3_CNP_391	7	15089278	15092133	3.3
esv2422176_HM3_CNP_416	7	97395460	97402475	24.7
esv2421336_HM3_CNP_494	8	137681619	137826900	1.8
esv2421337_HM3_CNP_450	8	15402007	15413447	5.4
esv2421340_HM3_CNP_470	8	63215615	63224085	10.4
esv2421351_HM3_CNP_497	8	140258008	140259197	7.2
esv2421354_HM3_CNP_462	8	37389985	37395076	3.1
esv2421371_HM3_CNP_456	8	18853791	18858821	2.6
esv2421389_HM3_CNP_469	8	60997355	61007769	1.4
esv2421415_HM3_CNP_482	8	112294279	112295260	48.9
esv2421422_HM3_CNP_485	8	120019593	120027871	6.8
esv2421436_HM3_CNP_471	8	65246984	65257503	4.3
esv2421459_HM3_CNP_495	8	137826900	137862122	1.8
esv2421465_HM3_CNP_464	8	40183797	40189549	8.8
esv2421469_HM3_CNP_463	8	39232739	39386965	40.5
esv2421491_HM3_CNP_496	8	138822798	138825369	3.9
esv2421507_HM3_CNP_487	8	122404007	122429586	1.5
esv2421533_HM3_CNP_454	8	17580791	17582137	1.8
esv2421554_HM3_CNP_484	8	115693718	115728363	1
esv2421586_HM3_CNP_458	8	24974476	24987355	34.9
esv2421601_HM3_CNP_468	8	58357951	58367822	2.7
esv2421618_HM3_CNP_472	8	68547459	68550510	4.9
esv2421643_HM3_CNP_489	8	129763135	129764085	58.1
esv2421675_HM3_CNP_478	8	102388038	102402942	1
esv2421689_HM3_CNP_455	8	17751240	17752159	17.4
esv2421697_HM3_CNP_479	8	102620606	102627912	6.5
esv2421699_HM3_CNP_473	8	72215311	72217690	25
esv2421701_HM3_CNP_491	8	132991085	132994576	6.6
esv2421718_HM3_CNP_474	8	75315857	75327897	11.1
esv2421743_HM3_CNP_449	8	14506781	14515208	1.4
esv2421775_HM3_CNP_486	8	122320560	122341946	1.5
esv2421777_HM3_CNP_443	8	3997063	4004291	6.8
esv2421786_HM3_CNP_457	8	23404785	23407905	51.9
esv2421806_HM3_CNP_452	8	16201661	16207123	40
esv2421807_HM3_CNP_447	8	13614717	13651706	6.5
esv2421834_HM3_CNP_490	8	130142678	130144526	7.6
esv2421855_HM3_CNP_441	8	594761	598391	82.5
esv2421860_HM3_CNP_475	8	85261157	85268666	7.6
esv2421867_HM3_CNP_451	8	15419777	15433683	1.1
esv2421919_HM3_CNP_459	8	25412738	25415269	6.8
esv2421926_HM3_CNP_493	8	136623392	136624965	3
esv2421938_HM3_CNP_453	8	16262247	16274661	10.6
esv2421949_HM3_CNP_480	8	103054099	103056706	3.7
esv2421960_HM3_CNP_481	8	107858519	107862270	5.1
esv2421967_HM3_CNP_442	8	3786543	3790267	9
esv2421970_HM3_CNP_460	8	32683098	32688413	97.1
esv2421978_HM3_CNP_492	8	135059968	135066708	8.4
esv2421990_HM3_CNP_465	8	47525576	47536546	8.7
esv2422011_HM3_CNP_444	8	5595791	5605087	10.1
esv2422019_HM3_CNP_499	8	144700992	144709274	44.2
esv2422023_HM3_CNP_477	8	101983194	101995875	2.4
esv2422039_HM3_CNP_445	8	7827367	7866162	3
esv2422052_HM3_CNP_448	8	13810229	13815237	14.8
esv2422061_HM3_CNP_498	8	142003000	142004909	2.7
esv2422079_HM3_CNP_476	8	96854362	96857057	4
esv2422085_HM3_CNP_488	8	123059831	123061062	5.3
esv2422113_HM3_CNP_461	8	36075155	36078341	1.7
esv2422120_HM3_CNP_467	8	56991382	56995675	1.5
esv2422133_HM3_CNP_483	8	115634278	115642536	29.1
esv2422135_HM3_CNP_446	8	9053914	9062526	1.5
esv2422160_HM3_CNP_466	8	55209048	55211118	10.1
esv2421362_HM3_CNP_502	9	1446987	1450428	1.2
esv2421414_HM3_CNP_501	9	590735	608622	3.1
esv2421428_HM3_CNP_526	9	129520795	129522058	20.5
esv2421460_HM3_CNP_523	9	107368417	107376954	1.3
esv2421494_HM3_CNP_504	9	5306824	5337707	2.5
esv2421496_HM3_CNP_525	9	128972100	128976702	6
esv2421503_HM3_CNP_515	9	29094262	29096271	48.2
esv2421517_HM3_CNP_524	9	115852715	115874994	2.6
esv2421522_HM3_CNP_510	9	20801595	20804674	1.2
esv2421603_HM3_CNP_511	9	22496640	22502851	26.7
esv2421682_HM3_CNP_522	9	107361642	107366783	6.1
esv2421694_HM3_CNP_506	9	6701130	6708357	9.6
esv2421734_HM3_CNP_500	9	515616	526993	7.8
esv2421735_HM3_CNP_505	9	5385783	5387369	2.1
esv2421779_HM3_CNP_507	9	11906379	12010394	2.2
esv2421788_HM3_CNP_531	9	139056068	139058723	19.5
esv2421796_HM3_CNP_519	9	72097655	72118962	2.9
esv2421815_HM3_CNP_521	9	104714928	104722419	19.9
esv2421883_HM3_CNP_530	9	138214105	138216906	71.5
esv2421976_HM3_CNP_517	9	44727859	44837527	42.9
esv2421994_HM3_CNP_509	9	17910043	17911466	81.7
esv2422016_HM3_CNP_520	9	82982391	82984395	7.8
esv2422071_HM3_CNP_527	9	130181886	130185385	21
esv2422074_HM3_CNP_503	9	4526796	4529873	1.7
esv2422080_HM3_CNP_518	9	72029600	72049028	5.2
esv2422095_HM3_CNP_512	9	23362799	23373484	46.6
esv2422108_HM3_CNP_516	9	29094549	29097680	47.1
esv2422124_HM3_CNP_508	9	15157746	15159421	7.3
esv2422138_HM3_CNP_514	9	28047588	28050777	9.5
esv2422144_HM3_CNP_528	9	134260926	134265704	7.6
esv2422158_HM3_CNP_513	9	24502737	24517682	3.7
esv2422181_HM3_CNP_529	9	136182525	136182785	95.3
esv2421327_HM3_CNP_555	10	71282486	71290778	28
esv2421350_HM3_CNP_537	10	31247142	31251779	14
esv2421366_HM3_CNP_547	10	58846314	58849888	5.7
esv2421380_HM3_CNP_541	10	48592206	48594014	1.9
esv2421381_HM3_CNP_562	10	93200378	93203146	5.7
esv2421385_HM3_CNP_552	10	67307923	67314446	32.3
esv2421445_HM3_CNP_536	10	28564207	28571860	1.1
esv2421453_HM3_CNP_548	10	58897917	58936909	2
esv2421464_HM3_CNP_553	10	67343454	67343955	11.1
esv2421479_HM3_CNP_554	10	71282472	71290778	28
esv2421526_HM3_CNP_540	10	47537368	47652803	10.4
esv2421552_HM3_CNP_549	10	59210505	59211698	31
esv2421567_HM3_CNP_545	10	55086553	55088829	1.3
esv2421580_HM3_CNP_533	10	19997015	19998051	50
esv2421599_HM3_CNP_538	10	36392445	36394609	1.1
esv2421611_HM3_CNP_567	10	122769888	122785002	11.7
esv2421620_HM3_CNP_532	10	4437754	4439686	7.5
esv2421648_HM3_CNP_534	10	20850112	20856001	20.1
esv2421681_HM3_CNP_561	10	90940687	90948090	4.4
esv2421719_HM3_CNP_560	10	84712898	84717172	1.5
esv2421736_HM3_CNP_550	10	61362700	61365264	18.8
esv2421824_HM3_CNP_569	10	126070149	126074232	1.4
esv2421829_HM3_CNP_564	10	99834946	99837402	13.9
esv2421837_HM3_CNP_546	10	58515518	58526837	8.1
esv2421838_HM3_CNP_535	10	26687751	26689767	5.7
esv2421890_HM3_CNP_566	10	107057038	107059170	33.5
esv2421904_HM3_CNP_571	10	135242873	135377448	9.1
esv2421915_HM3_CNP_539	10	37818201	37821989	6.7
esv2421921_HM3_CNP_544	10	54929854	54939153	6.4
esv2421950_HM3_CNP_543	10	54544561	54549329	1.1
esv2421959_HM3_CNP_563	10	94163478	94170847	1.4
esv2422032_HM3_CNP_558	10	82879719	82889783	2.8
esv2422043_HM3_CNP_570	10	133647132	133664823	1.7
esv2422053_HM3_CNP_559	10	83884660	83888667	1.4
esv2422149_HM3_CNP_568	10	124341534	124351597	12.9
esv2422172_HM3_CNP_565	10	107056279	107059170	34.2
esv2422182_HM3_CNP_551	10	66435894	66439031	1.8
esv2421349_HM3_CNP_614	11	134580314	134602950	1.2
esv2421379_HM3_CNP_602	11	85889658	85898821	1.4
esv2421383_HM3_CNP_606	11	95175683	95180679	1.4
esv2421405_HM3_CNP_580	11	25702333	25720706	6.3
esv2421418_HM3_CNP_581	11	30171839	30177010	2.9
esv2421425_HM3_CNP_589	11	49759555	49760688	17.6
esv2421441_HM3_CNP_583	11	41818166	41818859	64.3
esv2421471_HM3_CNP_611	11	107337953	107347381	1.3
esv2421502_HM3_CNP_599	11	76143017	76148285	3.7
esv2421514_HM3_CNP_598	11	70075366	70081665	1.9
esv2421534_HM3_CNP_612	11	107653081	107671601	1.4
esv2421548_HM3_CNP_587	11	49078871	49103690	2.9
esv2421577_HM3_CNP_604	11	93020483	93029461	2.2
esv2421600_HM3_CNP_608	11	101597860	101597964	86
esv2421614_HM3_CNP_572	11	5785023	5809477	41.6
esv2421631_HM3_CNP_613	11	133319466	133322722	5.2
esv2421634_HM3_CNP_593	11	55367889	55453009	42.1
esv2421639_HM3_CNP_591	11	54968666	55036472	25.6
esv2421640_HM3_CNP_579	11	25608546	25625889	3.9
esv2421664_HM3_CNP_603	11	90566513	90571038	22.1
esv2421670_HM3_CNP_573	11	5875867	5883317	16.1
esv2421674_HM3_CNP_600	11	81512271	81517265	15.3
esv2421684_HM3_CNP_574	11	6189803	6192462	1.1
esv2421725_HM3_CNP_594	11	56323407	56354044	1.4
esv2421730_HM3_CNP_585	11	42814535	42818105	36.1
esv2421755_HM3_CNP_609	11	104923862	104931233	5.2
esv2421764_HM3_CNP_586	11	42968875	42973253	12.2
esv2421768_HM3_CNP_601	11	85263724	85271345	1.8
esv2421802_HM3_CNP_584	11	42813151	42818039	35.8
esv2421865_HM3_CNP_576	11	21189025	21215845	3
esv2421902_HM3_CNP_595	11	57851831	57855615	1.9
esv2421905_HM3_CNP_577	11	21847506	21848752	16.7
esv2421944_HM3_CNP_607	11	99647686	99654792	1.8
esv2421946_HM3_CNP_590	11	50320057	50409489	3.1
esv2421980_HM3_CNP_610	11	107238656	107241183	44.3
esv2421991_HM3_CNP_596	11	58459236	58460726	14
esv2422018_HM3_CNP_575	11	7813040	7832258	22.7
esv2422069_HM3_CNP_597	11	58811241	58854169	11.4
esv2422125_HM3_CNP_578	11	24444249	24450257	5
esv2422129_HM3_CNP_592	11	54969861	54982211	25
esv2422141_HM3_CNP_605	11	93698060	93702069	11.7
esv2422161_HM3_CNP_582	11	38457948	38463187	2.3
esv2422162_HM3_CNP_588	11	49710861	49757671	6.7
esv2421332_HM3_CNP_656	12	131797608	131832159	4
esv2421339_HM3_CNP_650	12	127575693	127585588	10.5
esv2421342_HM3_CNP_625	12	15567923	15573643	3.8
esv2421373_HM3_CNP_640	12	62202570	62210820	3.3
esv2421424_HM3_CNP_631	12	33385830	33395418	70.5
esv2421447_HM3_CNP_621	12	11231455	11251560	56.9
esv2421454_HM3_CNP_626	12	17590444	17600550	1.7
esv2421466_HM3_CNP_657	12	132132584	132134730	37.1
esv2421505_HM3_CNP_651	12	127592687	127604375	1.9
esv2421512_HM3_CNP_647	12	113019469	113020057	27.8
esv2421542_HM3_CNP_620	12	11219431	11251560	57.3
esv2421543_HM3_CNP_648	12	114632203	114637909	1.2
esv2421622_HM3_CNP_627	12	27647741	27654546	9.8
esv2421630_HM3_CNP_646	12	99976814	100023334	1.6
esv2421644_HM3_CNP_652	12	129230509	129232545	4.6
esv2421679_HM3_CNP_639	12	47527599	47528845	9.4
esv2421700_HM3_CNP_653	12	130058557	130060141	1.4
esv2421715_HM3_CNP_628	12	28095493	28097644	11.8
esv2421740_HM3_CNP_632	12	34252870	34262552	2.5
esv2421753_HM3_CNP_645	12	90892317	90897908	4.1
esv2421757_HM3_CNP_619	12	9633870	9731637	73.9
esv2421794_HM3_CNP_624	12	12532984	12541869	4.6
esv2421844_HM3_CNP_623	12	11507074	11544819	18.8
esv2421846_HM3_CNP_637	12	40817597	40821478	3
esv2421850_HM3_CNP_635	12	38053139	38108053	3
esv2421863_HM3_CNP_636	12	40301611	40314753	1.1
esv2421868_HM3_CNP_638	12	45904438	45909537	52.2
esv2421908_HM3_CNP_644	12	86695712	86701257	10.1
esv2421910_HM3_CNP_643	12	83240212	83243773	1.3
esv2421936_HM3_CNP_629	12	31900550	31909908	10
esv2421941_HM3_CNP_642	12	82215870	82222552	3.2
esv2421973_HM3_CNP_654	12	131147957	131150369	3.4
esv2421975_HM3_CNP_622	12	11457713	11467455	2.8
esv2422009_HM3_CNP_634	12	34262552	34275406	1.3
esv2422010_HM3_CNP_616	12	1074882	1079168	3
esv2422068_HM3_CNP_633	12	34252870	34275406	2.8
esv2422082_HM3_CNP_615	12	869109	874029	10.6
esv2422106_HM3_CNP_630	12	33299791	33307374	24.9
esv2422117_HM3_CNP_618	12	7996890	8123900	4.6
esv2422127_HM3_CNP_617	12	2245636	2258406	3.5
esv2422157_HM3_CNP_649	12	127488436	127493679	1.9
esv2422165_HM3_CNP_655	12	131729469	131796447	1
esv2422167_HM3_CNP_641	12	70872675	70878027	31.3
esv2421411_HM3_CNP_669	13	57706812	57722288	1.9
esv2421478_HM3_CNP_662	13	34134809	34143447	20.4
esv2421492_HM3_CNP_658	13	20462314	20470071	4.1
esv2421540_HM3_CNP_659	13	23632678	23633515	16.6
esv2421559_HM3_CNP_678	13	71069708	71087839	1.3
esv2421588_HM3_CNP_666	13	43599411	43607143	8.4
esv2421593_HM3_CNP_679	13	72477555	72480556	49.7
esv2421615_HM3_CNP_688	13	104275811	104279232	2.5
esv2421658_HM3_CNP_664	13	39747763	39751136	11.7
esv2421663_HM3_CNP_682	13	76610127	76612755	1.4
esv2421668_HM3_CNP_686	13	84102440	84157927	2
esv2421678_HM3_CNP_677	13	69248299	69268242	7.9
esv2421708_HM3_CNP_665	13	40118603	40125453	1.4
esv2421723_HM3_CNP_685	13	83788033	83792172	2.4
esv2421748_HM3_CNP_676	13	68047139	68056899	1.1
esv2421760_HM3_CNP_660	13	25571233	25580632	4.2
esv2421781_HM3_CNP_683	13	79203101	79207642	1.7
esv2421804_HM3_CNP_661	13	32532622	32538423	29.3
esv2421852_HM3_CNP_672	13	57868541	57888986	4.6
esv2421885_HM3_CNP_684	13	81805686	81813097	22
esv2421964_HM3_CNP_668	13	53051526	53160234	7
esv2421974_HM3_CNP_687	13	98530124	98532757	1.6
esv2421982_HM3_CNP_673	13	58590281	58599031	5.3
esv2421984_HM3_CNP_681	13	76111280	76119506	6.9
esv2421985_HM3_CNP_663	13	38087145	38119096	1.9
esv2422004_HM3_CNP_675	13	64224792	64236692	3.3
esv2422012_HM3_CNP_680	13	72477555	72489377	47.4
esv2422029_HM3_CNP_674	13	61713469	61718343	1.4
esv2422048_HM3_CNP_671	13	57810300	57823043	2.4
esv2422100_HM3_CNP_667	13	51072595	51073728	94.9
esv2422121_HM3_CNP_670	13	57758270	57767498	48.5
esv2422177_HM3_CNP_689	13	110673610	110675199	4.1
esv2421330_HM3_CNP_701	14	44501117	44530722	3.6
esv2421398_HM3_CNP_696	14	28668373	28672475	3
esv2421435_HM3_CNP_703	14	46602092	46608975	1.9
esv2421510_HM3_CNP_704	14	48231967	48277451	1.4
esv2421607_HM3_CNP_700	14	41610224	41668334	19.3
esv2421627_HM3_CNP_698	14	35606016	35611525	26.1
esv2421714_HM3_CNP_695	14	24429249	24484459	2.7
esv2421742_HM3_CNP_710	14	79160946	79165608	4.1
esv2421752_HM3_CNP_690	14	20200183	20423865	84.5
esv2421825_HM3_CNP_692	14	21349608	21421088	6.9
esv2421841_HM3_CNP_712	14	86458414	86490211	1.4
esv2421842_HM3_CNP_708	14	74241688	74245607	3
esv2421843_HM3_CNP_691	14	20520955	20539362	1.7
esv2421916_HM3_CNP_711	14	86286312	86312173	1.3
esv2421928_HM3_CNP_706	14	70017837	70022467	19.8
esv2421935_HM3_CNP_693	14	22050143	22055757	1.9
esv2421942_HM3_CNP_699	14	36672026	36675034	1.7
esv2421955_HM3_CNP_697	14	35116088	35119976	5.9
esv2421969_HM3_CNP_707	14	73998976	74028117	68.8
esv2422026_HM3_CNP_709	14	78786339	78791625	2.1
esv2422099_HM3_CNP_694	14	23094841	23099209	6.9
esv2422159_HM3_CNP_705	14	61831860	61843749	1.4
esv2422164_HM3_CNP_702	14	45822337	46015718	1.3
esv2421341_HM3_CNP_734	15	86341282	86350039	1.1
esv2421417_HM3_CNP_717	15	24574937	24780449	3.3
esv2421427_HM3_CNP_724	15	43885118	43988553	2.2
esv2421487_HM3_CNP_723	15	42403716	42407684	1.6
esv2421544_HM3_CNP_716	15	24363832	24485828	1.4
esv2421572_HM3_CNP_731	15	76891241	76895775	45.3
esv2421581_HM3_CNP_736	15	97815710	97832187	4.5
esv2421585_HM3_CNP_714	15	23620859	23670984	2.9
esv2421598_HM3_CNP_728	15	55129972	55137888	1.1
esv2421624_HM3_CNP_715	15	24055437	24061497	3.3
esv2421647_HM3_CNP_722	15	32504264	32515973	12.2
esv2421653_HM3_CNP_726	15	48207466	48214703	4.1
esv2421666_HM3_CNP_725	15	45229596	45236353	3
esv2421687_HM3_CNP_730	15	61684205	61697981	1.7
esv2421738_HM3_CNP_720	15	30490438	30794939	97.2
esv2421741_HM3_CNP_721	15	30920624	31089526	1
esv2421769_HM3_CNP_727	15	53784991	53785483	27.6
esv2421820_HM3_CNP_733	15	84542885	84543550	36.2
esv2421839_HM3_CNP_713	15	23094223	23134244	2.6
esv2421901_HM3_CNP_732	15	84540717	84543550	35.8
esv2421986_HM3_CNP_729	15	56790703	56800977	14.3
esv2422064_HM3_CNP_735	15	87905845	87910222	1.1
esv2422156_HM3_CNP_718	15	25421607	25430243	1.1
esv2422179_HM3_CNP_719	15	27917590	27927806	13.4
esv2421333_HM3_CNP_750	16	60082606	60096986	2.4
esv2421345_HM3_CNP_741	16	15976013	16025663	2.2
esv2421404_HM3_CNP_743	16	18571052	18751208	3
esv2421409_HM3_CNP_742	16	16630813	16819277	7.2
esv2421440_HM3_CNP_747	16	32257509	32714406	54.1
esv2421452_HM3_CNP_740	16	12690859	12706513	1.4
esv2421557_HM3_CNP_737	16	223618	225653	13.5
esv2421612_HM3_CNP_755	16	88113663	88115391	45.2
esv2421698_HM3_CNP_748	16	34470704	34757071	4.6
esv2421724_HM3_CNP_754	16	83889679	83891769	17.1
esv2421727_HM3_CNP_744	16	19945650	19967362	12.7
esv2421840_HM3_CNP_746	16	21515074	21591340	17.4
esv2421848_HM3_CNP_738	16	2679668	2741812	17.8
esv2421869_HM3_CNP_739	16	2698869	2705416	19.1
esv2421876_HM3_CNP_753	16	80902859	80913669	1.4
esv2421894_HM3_CNP_745	16	20512781	20533520	4.9
esv2421900_HM3_CNP_749	16	55793837	55822444	25.6
esv2421992_HM3_CNP_752	16	79060152	79063156	3.3
esv2422047_HM3_CNP_751	16	72087010	72108093	7.3
esv2421329_HM3_CNP_773	17	72544663	72555207	1.9
esv2421401_HM3_CNP_768	17	54160465	54172823	5.2
esv2421412_HM3_CNP_767	17	44425430	44558970	59.3
esv2421472_HM3_CNP_771	17	64287309	64288738	30.7
esv2421477_HM3_CNP_774	17	75217179	75231756	1.7
esv2421582_HM3_CNP_761	17	15642546	15677001	2.3
esv2421587_HM3_CNP_763	17	34437128	34485091	40.9
esv2421680_HM3_CNP_769	17	56212512	56214098	2.8
esv2421703_HM3_CNP_762	17	19499736	19538447	4.7
esv2421866_HM3_CNP_758	17	11029585	11036449	1.9
esv2421884_HM3_CNP_770	17	57110327	57118121	1.8
esv2421889_HM3_CNP_756	17	5958701	5962383	1.1
esv2421995_HM3_CNP_760	17	15542699	15546790	19.8
esv2422002_HM3_CNP_766	17	44165803	44362009	25.5
esv2422013_HM3_CNP_764	17	39423014	39430531	85.6
esv2422017_HM3_CNP_759	17	15043926	15058236	8.1
esv2422036_HM3_CNP_757	17	6106486	6132774	5.9
esv2422104_HM3_CNP_765	17	39507115	39525178	7.4
esv2422139_HM3_CNP_772	17	71745951	71748105	3.8
esv2421334_HM3_CNP_778	18	28281252	28283411	2
esv2421372_HM3_CNP_785	18	41765678	41776580	1.4
esv2421408_HM3_CNP_790	18	63201728	63207273	8.6
esv2421426_HM3_CNP_787	18	57652749	57665024	1.6
esv2421511_HM3_CNP_783	18	40055787	40057767	7.4
esv2421592_HM3_CNP_797	18	67207852	67217271	3.5
esv2421604_HM3_CNP_791	18	63637051	63640124	5.5
esv2421665_HM3_CNP_775	18	4330954	4335455	2.6
esv2421790_HM3_CNP_792	18	63727492	63730950	35.3
esv2421793_HM3_CNP_784	18	40881066	40903331	1.5
esv2421805_HM3_CNP_777	18	20054211	20066155	1.8
esv2421819_HM3_CNP_781	18	38260420	38265448	39.4
esv2421862_HM3_CNP_793	18	63907434	63911589	8.4
esv2421893_HM3_CNP_796	18	66746106	66755508	9.2
esv2421912_HM3_CNP_780	18	36657442	36666223	2.5
esv2421922_HM3_CNP_788	18	57916552	57924489	1.6
esv2421930_HM3_CNP_786	18	41976886	41978626	6.5
esv2421947_HM3_CNP_794	18	64959223	64967265	26.4
esv2421962_HM3_CNP_782	18	39931539	39937789	3.3
esv2421987_HM3_CNP_789	18	58116442	58121231	2.9
esv2421993_HM3_CNP_776	18	14722006	14758540	20.7
esv2422089_HM3_CNP_779	18	35827397	35838158	1
esv2422116_HM3_CNP_795	18	65297045	65317205	3.5
esv2421396_HM3_CNP_813	19	52141162	52148804	52.2
esv2421407_HM3_CNP_819	19	56713948	56720274	3.6
esv2421430_HM3_CNP_801	19	14915641	14922883	1.3
esv2421443_HM3_CNP_798	19	5510239	5510653	44.8
esv2421498_HM3_CNP_808	19	36843126	36847498	27.2
esv2421509_HM3_CNP_805	19	24460818	24464957	7.4
esv2421519_HM3_CNP_802	19	15779453	15830468	3.2
esv2421539_HM3_CNP_816	19	53518514	53552296	6.6
esv2421562_HM3_CNP_814	19	52141162	52148804	52.2
esv2421571_HM3_CNP_807	19	35849493	35861848	23.7
esv2421574_HM3_CNP_810	19	43458054	43697333	5.2
esv2421660_HM3_CNP_800	19	12505873	12533259	1.1
esv2421673_HM3_CNP_809	19	43315611	43519362	7.1
esv2421722_HM3_CNP_820	19	57202924	57211511	4.4
esv2421809_HM3_CNP_817	19	54730202	54743217	37.4
esv2421897_HM3_CNP_815	19	53327559	53358889	3.2
esv2421952_HM3_CNP_818	19	55259953	55348691	8.2
esv2421963_HM3_CNP_811	19	44896398	44938791	1.1
esv2421972_HM3_CNP_804	19	21157890	21165167	2
esv2421989_HM3_CNP_799	19	9274672	9278121	9
esv2422090_HM3_CNP_812	19	51330932	51333238	3.2
esv2422114_HM3_CNP_803	19	20596206	20721234	16.5
esv2422134_HM3_CNP_806	19	29337352	29339582	1.7
esv2421391_HM3_CNP_827	20	52647808	52658651	4.8
esv2421429_HM3_CNP_821	20	1557190	1593893	28.5
esv2421499_HM3_CNP_822	20	4446568	4449666	3.1
esv2421535_HM3_CNP_825	20	37009466	37013160	5.1
esv2421637_HM3_CNP_828	20	60290492	60315878	1
esv2421702_HM3_CNP_826	20	45780106	45788929	2.7
esv2421803_HM3_CNP_830	20	62954695	62956153	27.1
esv2421920_HM3_CNP_824	20	16567202	16586634	1.2
esv2421979_HM3_CNP_823	20	15311370	15318767	2.7
esv2422054_HM3_CNP_829	20	62948788	62956153	24.9
esv2421376_HM3_CNP_834	21	22005845	22010691	5.2
esv2421490_HM3_CNP_836	21	24176863	24210783	2.2
esv2421551_HM3_CNP_832	21	19327311	19328330	32.4
esv2421576_HM3_CNP_838	21	24848684	24887840	1.6
esv2421633_HM3_CNP_840	21	28196045	28200722	9
esv2421642_HM3_CNP_844	21	44823479	44837555	4
esv2421672_HM3_CNP_833	21	20056087	20080934	1.2
esv2421785_HM3_CNP_843	21	40734723	40737012	1.7
esv2421799_HM3_CNP_831	21	14452247	14549965	46.5
esv2421821_HM3_CNP_845	21	44970337	44972812	82.1
esv2421856_HM3_CNP_837	21	24423306	24434187	3.5
esv2421931_HM3_CNP_839	21	25296170	25299689	1
esv2422041_HM3_CNP_835	21	23654934	23664658	22.2
esv2422084_HM3_CNP_841	21	31640228	31642856	2.2
esv2422094_HM3_CNP_842	21	32432250	32434304	3.2
esv2421361_HM3_CNP_856	22	49710059	49712444	1
esv2421529_HM3_CNP_849	22	24344422	24396814	74.5
esv2421686_HM3_CNP_848	22	24283016	24340785	47.1
esv2421729_HM3_CNP_850	22	25663985	25918709	8.4
esv2421798_HM3_CNP_846	22	18626129	18630060	3.3
esv2421808_HM3_CNP_851	22	34174947	34174973	35.1
esv2421891_HM3_CNP_852	22	36943781	36948746	3.8
esv2422003_HM3_CNP_854	22	39295255	39296904	33.7
esv2422033_HM3_CNP_853	22	37748394	37749946	3.8
esv2422058_HM3_CNP_855	22	40873576	40880692	1.6
esv2422093_HM3_CNP_847	22	23901529	23905462	37.4