CNV_ID	chr	start	stop	case_control	cn
Control_0180	1	10543821	10545745	2	1
Control_0181	1	12851320	12920067	2	1
Control_0182	1	13775026	13775973	2	1
Control_0183	1	24896045	24899530	2	1
Control_0184	1	25598276	25642596	2	1
Control_0185	1	28836518	28837880	2	1
Control_0186	1	33051960	33056002	2	1
Control_0187	1	62113597	62118281	2	1
Control_0188	1	62114378	62119136	2	1
Control_0189	1	65843334	65854556	2	3
Control_0190	1	87028669	87039309	2	1
Control_0191	1	111380720	111387723	2	1
Control_0192	1	113265819	113268225	2	3
Control_0193	1	149039930	149232246	2	1
Control_0194	1	174797867	174800121	2	0
Control_0195	1	195015798	195019104	2	1
Control_0196	1	196782416	196887457	2	3
Control_0197	1	215493232	215498630	2	1
Control_0198	2	8130229	8136251	2	1
Control_0199	2	10899087	10899853	2	3
Control_0200	2	29641874	29644564	2	1
Control_0201	2	34697895	34709510	2	3
Control_0214	2	185250355	185263468	2	1
Control_0215	2	217956810	217957148	2	0
Control_0216	2	242866710	243034519	2	1
Control_0217	3	5499420	5502016	2	1
Control_0218	3	11411823	11414339	2	1
Control_0219	3	22279685	22285562	2	1
Control_0220	3	28813677	28817583	2	1
Control_0221	3	47460630	47468261	2	3
Control_0222	3	76083846	76095485	2	1
Control_0223	3	94399405	94408045	2	1
Control_0224	3	95700538	95712855	2	1
Control_0225	3	97967953	97971965	2	1
Control_0226	3	98945571	98947547	2	1
Control_0227	3	114659252	114667896	2	1
Control_0228	3	128430941	128432422	2	1
Control_0229	3	137030594	137032374	2	1
Control_0230	3	163661532	163664285	2	1
Control_0231	3	173239453	173290024	2	3
Control_0232	3	193136358	193140348	2	1
Control_0233	3	195449715	195462414	2	3
Control_0234	4	763077	781777	2	3
Control_0235	4	10396298	10400156	2	0
Control_0236	4	17812528	17813164	2	3
Control_0237	4	33378232	33386368	2	1
Control_0238	4	34785955	34801153	2	3
Control_0239	4	34785955	34818502	2	3
Control_0240	4	60325010	60330880	2	4
Control_0241	4	60325485	60330880	2	3
Control_0242	4	60879840	60886151	2	1
Control_0243	4	64136609	64154477	2	1
Control_0244	4	64697704	64709753	2	1
Control_0245	4	70130965	70229260	2	1
Control_0246	4	73556348	73556992	2	1
Control_0247	4	116168158	116173928	2	1
Control_0248	4	122285263	122289863	2	1
Control_0249	4	122285263	122289863	2	1
Control_0250	4	132790402	132794301	2	3
Control_0251	4	138092298	138098601	2	0
Control_0252	4	138097395	138098601	2	1
Control_0253	4	152991094	152993620	2	1
Control_0254	4	156594808	156598081	2	1
Control_0255	4	161048496	161072119	2	1
Control_0256	4	190194200	190195511	2	0
Control_0257	4	190195887	190200455	2	1
Control_0258	5	757693	825338	2	3
Control_0259	5	757693	776691	2	3
Control_0260	5	24778523	24782716	2	1
Control_0261	5	29530516	29532826	2	1
Control_0262	5	32106628	32164826	2	3
Control_0263	5	117385681	117393058	2	1
Control_0264	5	140225908	140238311	2	1
Control_0265	5	155477866	155488917	2	1
Control_0266	6	16885376	16885684	2	1
Control_0267	6	19041346	19048773	2	1
Control_0268	6	27675290	27679485	2	1
Control_0269	6	29862154	29892751	2	1
Control_0270	6	31276760	31278415	2	1
Control_0271	6	32810443	32812705	2	3
Control_0272	6	77439769	77448245	2	1
Control_0273	6	78972930	79029367	2	3
Control_0274	6	78981778	79029367	2	1
Control_0275	6	88329942	88346369	2	1
Control_0276	6	121519579	121525517	2	1
Control_0277	6	139603744	139606731	2	1
Control_0278	6	150643601	150646453	2	1
Control_0279	7	41421	68920	2	3
Control_0280	7	11920873	11921825	2	1
Control_0281	7	12003416	12010476	2	1
Control_0282	7	13873707	13894276	2	1
Control_0283	7	20750774	20753528	2	1
Control_0284	7	20750774	20753528	2	1
Control_0285	7	26447021	26455445	2	1
Control_0286	7	34899235	34910281	2	1
Control_0287	7	44746949	44766791	2	3
Control_0288	7	52730700	52743871	2	3
Control_0289	7	57915309	57919929	2	1
Control_0290	7	61751802	61985092	2	1
Control_0291	7	91033074	91041618	2	1

